0 -23.050913 -43.660100 0 0.0 0.35147384278763594 0.0 0.020780688111236553  1 4.317 6 0.684 7 5.055
1 -23.050481 -43.617899 0 0.006626487754623895 1.869676726583528 0.0 0.10426737461832544  2 6.052 0 4.317 7 1.625 8 7.128 6 4.333
2 -23.059010 -43.559467 0 0.1994228954827149 8.2587624314709 0.7232286426610579 0.3318670514673678  3 4.963 1 6.052 8 3.089 9 8.115 7 6.043
3 -23.063005 -43.511148 0 0.0 0.24373557771316987 0.0 0.0002830069558257828  2 4.963 9 4.691 10 9.395 8 5.322
4 -23.070314 -43.194783 0 0.0 0.5412197664905245 0.0 0.5687279856200482  5 5.134 13 4.353 12 11.524
5 -23.062390 -43.145341 0 0.008188283017918295 0.3087086550747604 0.0 0.2983785469583913  4 5.134 13 6.485
6 -23.044771 -43.659798 0 0.0 0.9189189070478311 0.0 0.06350536179920271  7 4.852 14 6.769 0 0.684 15 6.884 1 4.333
7 -23.036511 -43.613234 0 0.07639007813246139 18.284554481047042 0.0 1.3171907250487735  8 6.376 6 4.852 15 4.427 1 1.625 16 7.633 2 6.043 14 8.505 0 5.055
8 -23.032320 -43.551082 0 0.18153258875442582 26.97498023704909 1.6891769848591769 2.232535145634349  9 6.431 7 6.376 16 3.739 2 3.089 17 8.076 3 5.322 15 7.829 1 7.128
9 -23.026280 -43.488572 0 0.7448695432844799 7.392813083858199 6.552345289752325 3.180411977951993  10 5.711 8 6.431 17 3.161 3 4.691 18 8.445 16 7.085 2 8.115
10 -23.017878 -43.433506 0 0.04268566554693599 1.5890501544581392 0.02566506846343826 0.3789985269050404  11 12.798 9 5.711 18 3.106 19 9.774 17 5.320 3 9.395
11 -23.028159 -43.308931 0 0.0 0.0739922076935709 0.0 0.005138539861888111  12 1.238 10 12.798 19 4.743 20 4.973 18 11.042
12 -23.026635 -43.296941 0 0.004495835379543836 0.2656100285552504 0.025554166177597017 0.029936183559534323  13 10.033 11 1.238 20 4.114 21 9.531 4 11.524 19 5.553
13 -23.031352 -43.199014 0 0.0 0.471317839946299 0.0 0.39368299695952413  12 10.033 21 5.316 4 4.353 5 6.485 20 8.944
14 -22.985568 -43.675233 0 0.13524518464371668 0.6203180457294268 1.5314544402611459 0.48725223510277454  15 6.072 23 2.736 6 6.769 24 6.019 7 8.505 22 6.912
15 -22.996862 -43.617185 0 0.4533800432485424 16.394765436564658 6.58890038885979 2.4464206913120674  16 6.778 14 6.072 24 3.562 7 4.427 25 7.646 8 7.829 23 8.084 6 6.884
16 -22.998688 -43.550981 0 1.0880389399411037 22.628995751113177 4.113892516856209 2.110028455753656  17 7.149 15 6.778 25 3.745 8 3.739 26 8.072 9 7.085 24 8.072 7 7.633
17 -22.998688 -43.481124 0 1.188279133409394 17.06036744944948 7.445345199246075 4.542568036835168  18 7.090 16 7.149 26 3.745 9 3.161 27 8.072 10 5.320 25 8.072 8 8.076
18 -22.998309 -43.411847 0 3.616792493866203 12.849874768623145 9.283818181655475 6.641043139493513  19 7.282 17 7.090 27 3.704 10 3.106 28 8.105 11 11.042 26 8.000 9 8.445
19 -22.997102 -43.340704 0 4.807387375363487 10.992362322348578 9.780514634372462 6.746541322949782  20 6.549 18 7.282 28 3.570 11 4.743 29 7.927 12 5.553 27 8.056 10 9.774
20 -22.994623 -43.276775 0 1.1720312405329063 13.414598833293308 5.777393922111677 11.436561903921675  21 6.395 19 6.549 29 3.336 12 4.114 30 8.052 13 8.944 28 7.390 11 4.973
21 -22.985862 -43.215016 0 0.3511284889552879 0.9282324366252521 2.927536061436261 6.391461396376504  20 6.395 30 2.626 13 5.316 31 6.527 29 6.235 12 9.531
22 -22.952204 -43.732209 0 0.006756565429196459 1.4749740556892192 0.0 0.20886663827836704  23 4.755 32 3.446 33 4.843 14 6.912
23 -22.963687 -43.687467 0 0.5347467583365482 13.27518066597868 10.07975984006525 6.991989657960711  24 6.822 22 4.755 33 3.614 14 2.736 34 7.713 15 8.084 32 7.840
24 -22.965001 -43.620839 0 0.9289306992526996 16.95005203172744 9.614457560911795 2.3082474207856345  25 7.151 23 6.822 34 3.745 15 3.562 35 8.073 16 8.072 33 8.073 14 6.019
25 -22.965001 -43.550981 0 0.4570256431412806 24.98329156410627 3.075948660802727 2.1505752406831258  26 7.151 24 7.151 35 3.745 16 3.745 36 8.073 17 8.072 34 8.073 15 7.646
26 -22.965001 -43.481124 0 0.5653557375527573 25.814361320790518 2.524906554885832 1.7942206654420545  27 7.151 25 7.151 36 3.745 17 3.745 37 8.073 18 8.000 35 8.073 16 8.072
27 -22.965001 -43.411267 0 3.7581678444437583 17.70993334005058 5.812746017942172 6.105990273409418  28 7.151 26 7.151 37 3.745 18 3.704 38 8.073 19 8.056 36 8.073 17 8.072
28 -22.965001 -43.341410 0 2.532362374492922 15.750721595981885 7.924995814771108 10.21615950137663  29 7.151 27 7.151 38 3.745 19 3.570 39 8.073 20 7.390 37 8.073 18 8.105
29 -22.965001 -43.271553 0 0.184107847550147 27.00297627289867 1.891662385663135 2.367359225067014  30 6.761 28 7.151 39 3.745 20 3.336 40 7.883 21 6.235 38 8.073 19 7.927
30 -22.963923 -43.205520 0 2.8366105536121817 12.948519209352773 9.588062713652002 28.39197531864478  31 4.711 29 6.761 40 3.662 21 2.626 41 5.551 39 7.671 20 8.052
31 -22.955555 -43.160405 0 0.14363993672760833 1.5878710481604814 0.08100737917702013 1.0430765173641525  30 4.711 41 1.851 40 5.229 21 6.527
32 -22.928396 -43.753767 0 3.933412082526761 17.264382679328804 0.0 3.320667505699042  33 6.466 42 3.072 22 3.446 43 7.309 23 7.840
33 -22.931314 -43.690696 0 2.9205795861880866 11.743698344897084 13.058730838557182 4.737717898717063  34 7.153 32 6.466 43 3.745 23 3.614 44 8.075 24 8.073 42 7.259 22 4.843
34 -22.931314 -43.620839 0 1.4279807904560164 15.26187702597289 11.20579499602285 8.998792042313088  35 7.153 33 7.153 44 3.745 24 3.745 45 8.075 25 8.073 43 8.075 23 7.713
35 -22.931314 -43.550981 0 1.3889315950068373 15.169316415383262 11.312321392637276 6.796784715500471  36 7.153 34 7.153 45 3.745 25 3.745 46 8.075 26 8.073 44 8.075 24 8.073
36 -22.931314 -43.481124 0 0.002992705384339551 28.357421367105605 0.6407628989939398 6.78646908617619  37 7.153 35 7.153 46 3.745 26 3.745 47 8.075 27 8.073 45 8.075 25 8.073
37 -22.931314 -43.411267 0 1.3925538087707194 18.46828526971944 8.194720277876089 8.65936100694208  38 7.153 36 7.153 47 3.745 27 3.745 48 8.075 28 8.073 46 8.075 26 8.073
38 -22.931314 -43.341410 0 1.6358900752238408 11.592334638960166 15.13957410402815 12.392021539872468  39 7.153 37 7.153 48 3.745 28 3.745 49 8.075 29 8.073 47 8.075 27 8.073
39 -22.931314 -43.271553 0 0.8363831785891298 18.780887806492057 9.331746022276832 25.02729601649589  40 6.919 38 7.153 49 3.745 29 3.745 50 7.426 30 7.671 48 8.075 28 8.073
40 -22.931015 -43.203977 0 2.2819658308751225 10.163403914752577 14.508049587418594 35.07115568124228  41 4.736 39 6.919 50 3.321 30 3.662 51 4.753 31 5.229 49 7.853 29 7.883
41 -22.938997 -43.158541 0 0.2773838465400205 0.41733319297856597 0.17505635913161346 0.25605726468207984  40 4.736 51 3.298 31 1.851 50 6.483 30 5.551
42 -22.900772 -43.753351 0 7.2448299613705425 12.431458841232978 0.340799766355497 3.2642518699019467  43 6.426 52 3.043 32 3.072 53 7.429 33 7.259
43 -22.897626 -43.690696 0 2.5189660779681375 16.890699289067268 7.805829937060871 4.692687025014542  44 7.155 42 6.426 53 2.730 33 3.745 54 7.901 34 8.075 52 5.109 32 7.309
44 -22.897626 -43.620839 0 1.6581842456847504 11.005342964137482 14.597080728684292 13.114032962803012  45 7.155 43 7.155 54 3.144 34 3.745 55 8.076 35 8.075 53 7.321 33 8.075
45 -22.897626 -43.550981 0 2.4260531971644665 6.538833161860358 18.67165449365722 9.267993132056379  46 7.155 44 7.155 55 3.745 35 3.745 56 8.071 36 8.075 54 7.728 34 8.075
46 -22.897626 -43.481124 0 0.571043986682311 18.982854956478214 9.072816951894936 16.473154597474885  47 7.155 45 7.155 56 3.742 36 3.745 57 8.076 37 8.075 55 8.076 35 8.075
47 -22.897626 -43.411267 0 1.7602500368325436 15.815657794500044 11.17826310212837 13.476214789432538  48 7.155 46 7.155 57 3.745 37 3.745 58 8.076 38 8.075 56 8.079 36 8.075
48 -22.897626 -43.341410 0 1.4264457878646295 12.025887509808209 15.330281948444158 22.351165340417985  49 7.155 47 7.155 58 3.745 38 3.745 59 8.049 39 8.075 57 8.076 37 8.075
49 -22.897626 -43.271553 0 4.552907327583604 2.3301474066448877 21.809981924035977 43.08253304030765  50 6.644 48 7.155 59 3.736 39 3.745 60 5.883 40 7.853 58 8.076 38 8.075
50 -22.901257 -43.206797 0 11.663953900623655 0.5572343249642416 8.143025358429238 16.88302646364368  51 4.510 49 6.644 60 4.091 40 3.321 41 6.483 59 7.841 39 7.426
51 -22.909717 -43.163732 0 0.7326032603131684 0.0 0.0 0.4779630874284864  50 4.510 41 3.298 60 7.716 40 4.753
52 -22.878517 -43.736059 0 0.13777768197912316 0.9159516601228433 0.1230436984648208 0.19463315477137866  53 5.034 42 3.043 43 5.109
53 -22.873276 -43.687244 0 0.27550218404991494 10.599457527467536 0.7170323384534046 2.2235417675053086  54 6.911 52 5.034 43 2.730 61 10.754 44 7.321 42 7.429
54 -22.869364 -43.619916 0 2.9950419446511374 11.808813041580073 2.68315564996135 5.403211054158476  55 7.087 53 6.911 61 4.420 44 3.144 62 8.328 45 7.728 43 7.901
55 -22.863939 -43.550981 0 3.396729528396798 11.890578969816055 11.356659995914933 8.413964652619953  56 7.152 54 7.087 62 2.988 45 3.745 63 6.596 46 8.076 61 4.398 44 8.076
56 -22.863968 -43.481167 0 2.7491544275697253 6.72205224304116 18.64549321246183 17.631188641782494  57 7.161 55 7.152 63 3.543 46 3.742 64 8.862 47 8.079 62 7.307 45 8.071
57 -22.863939 -43.411267 0 9.193905617287829 9.312177275266338 9.676721933990315 12.730983070670021  58 7.156 56 7.161 64 3.541 47 3.745 65 8.078 48 8.076 63 9.167 46 8.076
58 -22.863939 -43.341410 0 2.800951152166322 2.343147488878648 23.62647680179226 34.48242302170382  59 7.130 57 7.156 65 3.745 48 3.745 66 7.794 49 8.076 64 7.006 47 8.076
59 -22.864024 -43.271809 0 5.144092143901153 3.6826174288225397 19.679184353106244 42.09324187654861  60 4.923 58 7.130 66 3.737 49 3.736 67 8.382 50 7.841 65 8.059 48 8.049
60 -22.868022 -43.223951 0 4.2592851329102865 1.0914945972912633 1.415088007011621 2.657363684235869  59 4.923 67 5.453 50 4.091 68 8.176 51 7.716 66 6.653 49 5.883
61 -22.843133 -43.587496 0 0.0 0.33663740613787263 0.0 0.08430900745872384  62 4.258 54 4.420 55 4.398 53 10.754
62 -22.837398 -43.546404 0 0.059733892459435785 14.437555862140863 0.9780797831098078 4.7106338780746615  63 5.281 61 4.258 55 2.988 56 7.307 54 8.328
63 -22.834734 -43.494941 0 1.0732440531635554 11.485127125692271 0.8653335323913457 7.184760449253587  64 9.600 62 5.281 56 3.543 69 12.076 57 9.167 55 6.596
64 -22.833455 -43.401258 0 1.0173981700356922 5.80438116187629 11.379962066646886 15.517506759118856  65 6.143 63 9.600 69 3.235 57 3.541 70 7.064 58 7.006 56 8.862
65 -22.830252 -43.341410 0 6.2626883182320725 1.0974172202384653 20.473991119745925 35.09392131009817  66 6.852 64 6.143 70 2.498 58 3.745 71 8.520 59 8.059 69 4.401 57 8.078
66 -22.830505 -43.274542 0 9.161089613508086 1.428471932547076 13.94595994089438 25.81691524995301  67 7.351 65 6.852 71 2.995 59 3.737 72 8.068 60 6.653 70 6.977 58 7.794
67 -22.822821 -43.203293 0 2.051229559866037 2.4400685621434883 3.872479891124351 4.0640594824687595  68 4.001 66 7.351 72 2.584 60 5.453 73 6.276 71 6.358 59 8.382
68 -22.818995 -43.164468 0 0.14345173140700576 0.0037187082960193395 0.0 0.038422805949212775  67 4.001 73 3.549 72 4.530 60 8.176
69 -22.812237 -43.379650 0 0.041921082605822495 0.0 0.1657115163072499 0.22125464934735764  70 4.285 64 3.235 65 4.401 63 12.076
70 -22.807996 -43.338095 0 2.5899414920968553 0.23966428191984201 5.7189418135278185 9.567594905151045  71 7.744 69 4.285 65 2.498 66 6.977 64 7.064
71 -22.805927 -43.262565 0 3.9616818704621455 3.330422100300488 0.9141717524358091 3.8517129261967753  72 6.112 70 7.744 66 2.995 74 9.714 67 6.358 65 8.520
72 -22.799576 -43.203324 0 3.8354857447474293 5.239371000001834 10.156495504124354 16.940874648005252  73 5.128 71 6.112 74 4.000 67 2.584 75 9.143 68 4.530 66 8.068
73 -22.788338 -43.154805 0 0.5550663155359571 0.8716978054504596 0.16649060225559345 1.9681687888128268  72 5.128 75 4.263 68 3.549 74 2.299 67 6.276
74 -22.776616 -43.173284 0 0.05171217882005803 0.10925248244113024 0.0 0.20227608974524236  75 5.338 72 4.000 73 2.299 71 9.714
75 -22.763394 -43.123224 0 0.33506249722012377 1.1455502094672212 0.693071015384015 0.982295937415473  74 5.338 73 4.263 72 9.143
END