0 -22.928032 -43.454627 0 0.0 5.699208760395898 0.06565252841913169 1.1004031908324687  15 2.505 35 2.517 88 2.413 90 2.413 221 2.505 155 2.517
1 -22.922055 -43.260855 0 0.37229568479630687 1.3322278222775454 4.00111969061312 6.903433634992517  188 2.507 87 2.413 148 2.517 203 2.414 194 2.516 14 2.506
2 -22.851558 -43.474326 0 1.2917376540204535 0.9790666596965664 3.025163189222657 2.702954014886399  32 2.499 91 2.518 206 2.408 27 2.519
3 -22.915506 -43.518859 0 0.06308902806881228 2.9120334183817285 2.3366248216902825 1.46188398793112  133 2.517 58 2.413 63 2.518 118 2.505 139 2.414 123 2.505
4 -22.882384 -43.539562 0 0.1779544048786628 2.145923152961607 2.899600639684755 1.8817558717388827  177 2.505 63 2.414 193 2.518 139 2.518 220 2.506 83 2.414
5 -22.833067 -43.344771 0 1.799567378565277 0.04926716089125982 3.7389051635090196 7.305513714932153  61 2.507 19 2.508 171 2.518 150 2.415 140 2.518 125 2.305
6 -22.878937 -43.668532 0 0.21291345884816237 3.323780424793291 1.7050179888741555 1.0428403337952545  212 2.519 44 2.504 39 2.301 12 2.507 198 2.414
7 -22.853703 -43.388291 0 2.263120245732552 1.7233355529035466 1.5899134307304834 1.550192720579823  61 2.507 70 2.415 75 2.507 136 2.518 138 2.415 184 2.518
8 -22.841666 -43.578679 0 0.0 2.97094748919349 0.025756510664546973 0.7658925692422391  129 2.067 59 2.021
9 -22.888966 -43.281576 0 1.0062683090848497 0.0 4.678541531640693 9.151576111058178  202 2.507 203 2.517 148 2.414 152 2.415 111 2.517 187 2.507
10 -22.913230 -43.604847 0 0.47643782693189457 0.6909915549615234 4.335775188063793 3.889814659432575  45 2.518 48 2.504 66 2.518 69 2.414 23 2.413 156 2.504
11 -22.965726 -43.670668 0 0.12422326603884976 3.885845993313272 0.9907862155634661 1.0299919406418112  189 2.517 112 2.517 214 2.412 119 2.472 93 2.503
12 -22.868808 -43.646667 0 0.7769634298336954 3.214812880621614 0.6207384047924729 1.761306323502361  212 2.398 161 2.501 6 2.507
13 -22.899053 -43.754693 0 1.9429156370399436 3.0451062152139508 0.02266512282704028 0.8470913739816249  180 2.509 167 2.329 223 2.486 197 2.446
14 -22.932376 -43.282618 0 0.008716845756414203 5.7019677665783615 0.05580215582733539 2.0813498665678787  1 2.506 199 2.506 216 2.413 87 2.516 148 2.413 72 2.516
15 -22.917735 -43.432864 0 0.13749242644262255 5.17804664308974 0.38267419977548106 1.2744441862543305  201 2.506 192 2.517 35 2.413 88 2.517 94 2.414
16 -22.879831 -43.218483 0 2.8817011120859606 0.09123451463402436 0.9349329179680126 1.5145335060901213  65 2.410 52 2.456 108 2.349
17 -22.945198 -43.627141 0 0.27564696932581073 5.127788388478683 0.3345979539101544 0.8940934789350251  18 2.412 36 2.518 23 2.504 93 2.503 156 2.413 128 2.517
18 -22.966888 -43.627674 0 0.22013460260253623 4.237029936946152 1.0768967719005036 0.41774939117790666  112 2.503 17 2.412 76 2.411 182 2.517 93 2.517 128 2.503
19 -22.822742 -43.323011 0 1.281925936983177 0.31999800094113795 3.808945197496048 6.987852400016659  84 2.382 5 2.508 116 2.518 171 2.416 125 2.464
20 -22.970303 -43.498682 0 0.19542144002557682 4.009200711094781 1.4349555187643952 0.18885202646092267  213 2.504 99 2.412 77 2.516 137 2.517 151 2.411 54 2.504
21 -22.856924 -43.259294 0 1.034716690523753 0.12271284572199788 4.562387198570691 8.137022978176255  50 2.320 135 2.188 202 2.415 65 2.485 152 2.508 104 2.518
22 -22.881247 -43.582554 0 0.2545702771940719 0.6956930099297058 4.461831337320599 1.465605993249137  177 2.518 59 2.405 31 2.499 48 2.414 193 2.505 69 2.505
23 -22.934928 -43.605379 0 0.04668393846858997 4.828020109268334 0.7694400786006496 1.7987324158274671  45 2.504 17 2.504 183 2.517 10 2.413 156 2.518 128 2.412
24 -22.932606 -43.691362 0 0.311656907528948 0.724983136896883 4.447372021803269 0.921045701725037  189 2.412 53 2.518 214 2.518 41 2.413 103 2.503 106 2.503
25 -22.885727 -43.410577 0 0.5842831835074909 1.4000849359765555 3.703600901555246 2.9689083134912466  85 2.518 201 2.414 75 2.415 219 2.518 138 2.506 94 2.506
26 -23.014608 -43.456827 0 0.38394285472783185 1.2486885936305945 3.748447240321554 1.3925094485125722  56 2.392 95 2.454 113 2.503 34 2.498
27 -22.862912 -43.453047 0 0.639929003363261 0.40987970426337567 4.575871008638488 4.45777075040743  2 2.519 98 2.506 74 2.415 219 2.518 206 2.506
28 -22.994207 -43.413203 0 0.643832407692033 2.374233236853184 1.9600690317131209 1.3178300028078747  113 2.504 218 2.516 146 2.504 120 2.412 153 1.934 210 2.452
29 -22.974695 -43.326667 0 0.16958225007741676 3.792047976878035 1.5960322490640217 1.322865614871649  191 2.516 51 2.412 166 2.412 102 2.505 142 2.516 209 2.505
30 -22.791212 -43.174739 0 0.3621360690500552 0.7807881402963247 2.36747390777272 5.19088776705824  196 2.426
31 -22.870019 -43.603693 0 1.2443526256575808 3.60981794436771 0.41212286300606776 1.4367608116648025  59 2.536 161 2.503 22 2.499 69 2.392
32 -22.861798 -43.496041 0 0.37728631124042916 2.1085316902607243 3.1167421785411644 3.3029304934235757  2 2.499 91 2.415 220 2.506 206 2.518 80 2.414 141 2.519
33 -22.956176 -43.197122 0 0.3379837444174591 2.3534217659134984 3.064991215173669 7.5433541900824075  86 2.366 164 2.413 67 2.079 176 2.506 224 2.516
34 -23.003387 -43.477973 0 0.07262605386272218 3.670615463029784 0.8956534196675695 1.388343938039991  95 2.277 56 2.504 77 2.411 151 2.516 26 2.498 127 2.503
35 -22.939434 -43.433390 0 0.04222802633427109 5.5614451626491315 0.16751427487070122 1.0464568910985517  15 2.413 192 2.505 181 2.517 89 2.412 90 2.505
36 -22.933773 -43.648371 0 0.2967947730395313 2.111327674907197 2.8333855779092434 0.9887127936163234  214 2.503 17 2.518 103 2.518 207 2.413 93 2.412 156 2.504
37 -22.886818 -43.367578 0 0.15475311027402563 1.315792512440117 4.1974912106441895 3.698528456602998  190 2.507 85 2.506 160 2.517 136 2.415 138 2.518 154 2.414
38 -22.812173 -43.254952 0 2.7707594454576263 0.5890626471587439 0.11996674921812459 0.41577902147194506  135 2.870 147 2.884 79 2.142 225 1.988
39 -22.870882 -43.689227 0 0.0 3.6495164191780325 0.05676535262034535 0.5965423978219359  44 2.040 6 2.301 174 2.401
40 -22.914374 -43.561854 0 0.5720362108101312 0.7791907996368002 4.378959329770901 1.4618161941330672  177 2.414 63 2.505 45 2.504 48 2.518 179 2.413 118 2.518
41 -22.910909 -43.690827 0 0.6781318661286645 1.3444757940561938 3.4840218632780675 0.9212468295188108  53 2.503 44 2.413 205 2.518 24 2.413 103 2.518 198 2.504
42 -23.012540 -43.542740 0 0.01402258496462272 4.017026871592826 1.4586940080898645 0.3545488712808808  57 2.516 46 2.411 78 2.410 124 2.516 208 2.503 157 2.503
43 -23.011400 -43.585741 0 0.06278506345068337 5.703069221634719 0.0 0.4175866872242113  131 2.220 186 2.411 121 2.410 124 2.503 208 2.516 73 2.516
44 -22.889206 -43.690292 0 0.3325022808542126 5.0213913258011145 0.2800878273141936 0.921447767039905  6 2.504 205 2.504 39 2.040 41 2.413 174 2.443 198 2.519
45 -22.924653 -43.583616 0 0.24669383129096548 4.220333629973888 1.25844032115984 2.006482762076195  48 2.413 179 2.518 183 2.413 10 2.518 23 2.504 40 2.504
46 -22.990861 -43.542211 0 0.11731043206288763 3.5865236794400825 1.632107602187866 0.41769793448336195  145 2.516 213 2.504 172 2.411 124 2.503 42 2.411 157 2.516
47 -22.918833 -43.389864 0 0.22661829831573319 1.0594429494745683 4.300111016366535 3.342220663862767  85 2.414 201 2.517 192 2.506 163 2.517 149 2.413 154 2.506
48 -22.902953 -43.583085 0 0.5822916128314221 0.2527661738881518 4.302916505072932 2.93173594114949  177 2.505 45 2.413 22 2.414 69 2.518 10 2.504 40 2.518
49 -22.909605 -43.325100 0 0.051105202110259686 5.354271341578686 0.3363265335481931 2.484101457119111  173 2.506 160 2.517 217 2.414 72 2.517 110 2.413 187 2.507
50 -22.847657 -43.239005 0 1.748726923809075 0.4316691728562234 1.4646855370761829 4.273766604548693  135 2.554 65 2.322 21 2.320 225 2.771
51 -22.996381 -43.327190 0 0.6104090085792943 2.8838348030953114 2.116656523646079 1.5070566531278924  191 2.505 102 2.515 101 2.392 81 2.465 29 2.412
52 -22.901915 -43.217820 0 2.8372206637225856 0.10030793531945216 2.4496129210168953 4.109171258427719  188 2.437 16 2.456 215 2.532 175 2.356 108 2.503
53 -22.921170 -43.712589 0 0.9574460213987532 4.264710041214605 0.4726010441144715 0.9211223080104237  162 2.503 205 2.413 24 2.518 41 2.503 106 2.413 197 2.518
54 -22.960018 -43.476918 0 0.007246777072986013 5.6217660309220365 0.13909623885198025 0.18887688715705686  99 2.517 20 2.504 77 2.412 90 2.505 221 2.412 82 2.516
55 -22.976822 -43.240651 0 0.22385095663254162 4.061943927903372 1.4757158568651547 3.7719251395155284  62 2.412 117 1.914 170 2.506 222 2.515 176 2.506
56 -22.993103 -43.456207 0 0.28931981459611855 3.063875414914534 1.468571393883835 1.2053192352220679  113 2.516 218 2.504 34 2.504 77 2.516 26 2.392 82 2.411
57 -23.023942 -43.521504 0 0.2876435154412829 4.312898463087143 0.7152672777576506 1.257651533995553  144 2.226 158 2.059 78 2.503 127 2.503 42 2.516 157 2.411
58 -22.937204 -43.519388 0 0.011390095327454584 5.430382800725047 0.32654777888366476 1.4609672560977334  133 2.505 200 2.504 3 2.413 99 2.517 137 2.412 118 2.517
59 -22.859633 -43.581648 0 1.3435582131231119 3.6137207249308587 0.3687099671880385 1.4025115585638868  129 2.477 31 2.536 193 2.480 22 2.405 8 2.021
60 -22.855861 -43.302295 0 0.2742415022562638 2.096322181304829 3.373219526682603 6.663509778769975  116 2.416 92 2.507 171 2.518 152 2.518 104 2.508 111 2.415
61 -22.843387 -43.366531 0 1.486356961829702 0.1248091655991213 4.01438704194383 6.412296388101116  5 2.507 136 2.415 7 2.507 150 2.518 70 2.518 140 2.416
62 -22.955130 -43.240131 0 0.027621775657978402 5.673108373657193 0.07084383906439973 0.6681999985824977  87 2.516 194 2.413 224 2.506 222 2.506 55 2.412 176 2.516
63 -22.904090 -43.540092 0 0.4112154082163252 0.6610991323525045 4.518789615553991 1.8934223587251544  177 2.518 4 2.414 3 2.518 118 2.413 139 2.505 40 2.505
64 -22.811705 -43.215488 0 0.7588473827281635 1.248861845466099 2.054627481649359 1.752825374831604  79 2.354 196 2.390 126 1.831 225 2.731
65 -22.868535 -43.238567 0 2.2289690646175875 0.45743734402910774 2.4660245237251086 8.887834358506158  16 2.410 50 2.322 202 2.449 21 2.485 108 2.389
66 -22.901803 -43.626076 0 0.08849429910012815 4.153474563164412 1.3966599641829067 2.5557354546312263  212 2.518 161 2.414 10 2.518 69 2.505 207 2.504 156 2.413
67 -22.963702 -43.178528 0 0.07484241877926703 1.3605580268079445 1.6783691576515867 8.050401222832091  86 2.537 33 2.079
68 -22.838955 -43.538503 0 0.05132902324495417 4.9435743394474425 0.48329941521125674 1.4629650063314645  129 2.506 114 2.468 141 2.519 83 2.415
69 -22.891527 -43.604315 0 0.1408384104617471 0.8644791790470286 4.277046857531577 3.218455498497872  161 2.518 31 2.392 48 2.518 22 2.505 66 2.505 10 2.414
70 -22.831982 -43.387767 0 0.2889663539384088 1.125500508291396 4.265413283353424 5.574289146431382  61 2.518 7 2.415 184 2.507 140 2.508
71 -22.949646 -43.732113 0 0.04453797057424475 3.203565437663698 0.0 0.48796965629570765  162 2.038 100 2.537 106 2.085
72 -22.920993 -43.303860 0 0.027278663106374387 5.213696726576868 0.5321702113080216 2.4340805400275887  199 2.413 49 2.517 148 2.507 110 2.506 187 2.414 14 2.516
73 -22.999988 -43.606974 0 0.11981847121288744 4.698093305644977 0.8323681317175677 0.417622395953736  43 2.516 131 2.289 76 2.517 182 2.411 186 2.503
74 -22.884624 -43.453574 0 0.39184987935071897 0.8162248200953537 4.524326859361195 5.184845792107518  88 2.414 219 2.506 206 2.518 185 2.506 27 2.415 94 2.518
75 -22.864014 -43.410052 0 2.630709734095199 1.5904019096318391 1.4150088591270225 2.5727264084324437  98 2.515 219 2.506 7 2.507 138 2.518 184 2.415 25 2.415
76 -22.988572 -43.628207 0 0.0709871494583827 2.5129079572062354 2.411785914595149 0.6462429408540458  112 2.517 96 2.108 18 2.411 182 2.503 73 2.517
77 -22.981705 -43.477445 0 0.4257625489367204 3.923771361402884 1.2783053947406517 0.6904791326207328  56 2.516 34 2.411 20 2.516 151 2.504 54 2.412 82 2.504
78 -23.034213 -43.543270 0 0.0 5.61788788270179 0.11375002622118671 0.33883485042966877  57 2.503 158 2.327 165 2.502 208 2.516 211 2.151 42 2.410
79 -22.803136 -43.236495 0 2.0455181968258302 2.501570322849088 0.42968709399238886 0.6440739808066832  64 2.354 38 2.142 126 2.194 225 2.198
80 -22.883510 -43.496569 0 0.23991031756529096 1.6416306242170737 3.6454171712779333 3.1761708011169563  32 2.414 139 2.505 220 2.518 206 2.506 185 2.518 123 2.414
81 -23.006754 -43.305904 0 0.6055933275549626 1.8387465771505056 2.6923428002659633 1.3049232684374075  191 2.300 51 2.465 143 2.446
82 -22.971418 -43.455681 0 0.11942227952221175 5.286296676591194 0.3459610832356044 0.8782272248102778  56 2.411 218 2.516 77 2.504 89 2.505 90 2.412 54 2.516
83 -22.860672 -43.539033 0 0.5645401318884216 2.046901471737464 2.2048376867274713 1.7282368408805138  129 2.519 4 2.414 193 2.506 220 2.518 68 2.415 141 2.506
84 -22.813481 -43.302056 0 0.8308545789851489 0.5601880009274908 3.541359953130466 5.419190360143693  19 2.382 147 2.527 116 2.297
85 -22.897128 -43.389340 0 0.12499669320702463 4.121547672174182 1.4644236412745208 1.3973032504784515  47 2.414 201 2.506 37 2.506 138 2.414 154 2.517 25 2.518
86 -22.977432 -43.198328 0 0.2700802550120274 2.2726915806067067 2.711916510304828 8.515074568782165  33 2.366 67 2.537 176 2.430
87 -22.943755 -43.261375 0 0.1104361666932418 4.215993244432076 1.3799249152000452 4.995813561761415  1 2.413 62 2.516 216 2.506 194 2.506 222 2.412 14 2.516
88 -22.906331 -43.454100 0 0.007506979795229067 5.704056071462502 0.061390281301807806 3.4617154264189294  15 2.517 74 2.414 155 2.505 185 2.518 94 2.506
89 -22.961127 -43.433916 0 0.0 5.685607229551049 0.08021422755338574 0.4301287595643055  218 2.412 35 2.412 181 2.505 90 2.517 120 2.516 82 2.505
90 -22.949728 -43.455154 0 0.0 5.770432960848303 0.0 0.45493598758454784  35 2.505 89 2.517 221 2.517 54 2.505 82 2.412
91 -22.840080 -43.495513 0 0.19111258269883108 4.907968614790547 0.6073869619483364 3.2602562554528687  2 2.518 32 2.415 114 2.391 115 1.880 141 2.506
92 -22.866185 -43.324056 0 0.13835686489303858 1.7581242585011898 3.857111262414893 6.095854283630934  190 2.507 60 2.507 217 2.415 171 2.415 150 2.518 111 2.518
93 -22.955464 -43.648905 0 0.4522556678443912 3.6611305433948025 1.3357494455798296 0.6776337358208709  112 2.412 214 2.517 17 2.503 18 2.517 36 2.412 11 2.503
94 -22.896031 -43.432338 0 0.05488179514352471 2.6521044716406363 3.050678164348514 3.667939209475083  15 2.414 74 2.518 201 2.517 88 2.506 219 2.414 25 2.506
95 -23.023860 -43.478600 0 0.3382125084437697 1.2145861968402352 3.15015789516361 1.2243949073907516  34 2.277 26 2.454 127 2.442 144 2.589
96 -22.995344 -43.647441 0 0.05576299870765625 1.957023732211143 1.1860541884020532 0.49810189728405296  112 2.033 76 2.108
97 -22.973614 -43.369673 0 1.1232564007715589 2.3567549936300485 0.6529244540220047 1.2691162623416785  134 2.412 178 2.412 146 2.505 169 2.516 102 2.516 142 2.505
98 -22.852638 -43.431270 0 0.04468025369987831 4.9420307203551 0.5949193482140075 3.539896447045661  75 2.515 219 2.411 184 2.507 27 2.506
99 -22.948613 -43.498153 0 0.0 5.751985634650559 0.01819285773358295 0.48079552960584304  133 2.413 58 2.517 20 2.412 137 2.504 221 2.505 54 2.517
100 -22.962824 -43.711884 0 0.034734262061865244 3.1075048136940735 1.22251151433647 1.205409954800748  189 2.255 119 2.460 106 2.223 71 2.537
101 -23.004199 -43.348967 0 0.8587715700631456 0.7819048342260005 2.6095546425889595 1.085199372724497  178 2.387 51 2.392 102 2.135
102 -22.985000 -43.348432 0 0.16284146819006476 4.631809938117537 0.7862593339552127 1.4291664586269364  97 2.516 178 2.505 29 2.505 51 2.515 101 2.135 142 2.412
103 -22.922343 -43.669600 0 0.41545643838321605 1.3571629522364124 3.778037983229913 0.9211699218115454  214 2.413 36 2.518 24 2.503 41 2.518 207 2.504 198 2.413
104 -22.845534 -43.280534 0 0.39745839941618577 0.8660938117323119 4.446645863282379 7.71794531523725  60 2.508 135 2.174 147 2.415 116 2.518 21 2.518 152 2.415
105 -22.968038 -43.584678 0 0.10869260141297868 3.82558083636183 1.6584109869305368 0.4177697174445354  130 2.504 145 2.517 182 2.503 183 2.412 186 2.411 128 2.517
106 -22.942864 -43.713124 0 0.6748717416467449 5.058449868669001 0.007087578891454213 0.9209210902184465  189 2.518 162 2.518 100 2.223 24 2.503 53 2.413 71 2.085
107 -22.904511 -43.176265 0 3.4091255667140126 0.02788259958891522 0.4242989088146248 2.600506295043712  215 2.228 122 2.175
108 -22.890022 -43.238573 0 2.4451494323118106 0.17910101840295745 2.939885672453159 6.609224651679915  188 2.414 16 2.349 202 2.517 203 2.507 65 2.389 52 2.503
109 -23.042175 -43.607965 0 0.040766085485588285 5.075506568065692 0.0 0.36181251154800476  131 2.428 121 2.439
110 -22.931307 -43.325623 0 0.12263212752556531 3.213434543507642 2.207111467182785 0.5467642688391084  199 2.516 159 2.506 49 2.413 166 2.413 173 2.517 72 2.506
111 -22.877577 -43.302816 0 0.2850753565251477 0.2347073394869577 5.192225311953031 6.828735573300415  60 2.415 217 2.507 9 2.517 92 2.518 152 2.507 187 2.414
112 -22.977151 -43.649438 0 0.16173658203350377 1.393882812265529 3.9519665764982013 0.41769326836331266  96 2.033 18 2.503 76 2.517 11 2.517 93 2.412
113 -23.004497 -43.434969 0 1.1563641442376034 1.5021658650318754 2.3064069754973726 1.4508036546548497  56 2.516 218 2.411 153 2.205 26 2.503 28 2.504
114 -22.830325 -43.516307 0 0.00395822846449103 4.731130239948975 0.045251142687874064 2.575596301158879  115 2.250 91 2.391 68 2.468 141 2.232
115 -22.823172 -43.495766 0 0.0 2.6758072683737195 0.0 1.5368909836863363  114 2.250 91 1.880
116 -22.834140 -43.301773 0 0.37250362809186843 0.06704600898511444 5.327699048094564 7.741329304253795  84 2.297 60 2.416 19 2.518 147 2.500 171 2.508 104 2.518
117 -22.993886 -43.243100 0 0.06265918037294228 1.7301805948978157 0.96053147553015 4.2976049522178394  170 2.114 55 1.914
118 -22.925791 -43.540622 0 0.22081400892049394 2.519398206817921 2.793184475807118 1.4616908316169124  58 2.517 200 2.413 3 2.505 63 2.413 179 2.504 40 2.518
119 -22.975634 -43.692286 0 0.12180373692497676 0.4275409664918434 4.80714575087993 2.398409739185998  189 2.372 100 2.460 11 2.472
120 -22.972522 -43.412678 0 1.1176838029950582 2.443460362878554 1.7443140963794403 0.8582769079722068  218 2.504 146 2.516 181 2.412 89 2.516 169 2.505 28 2.412
121 -23.033074 -43.586272 0 0.0702248761913074 5.6943640332981005 0.0 0.41749504356189526  43 2.410 131 2.376 208 2.502 165 2.516 109 2.439
122 -22.924015 -43.177908 0 1.076919584379236 0.6114544722582361 2.452258290628963 7.090360475560909  215 2.242 164 2.240 107 2.175
123 -22.905216 -43.497097 0 0.018482271506756465 5.027360999630363 0.6176004367554556 2.577805541630011  133 2.413 3 2.505 80 2.414 139 2.518 185 2.505 155 2.518
124 -23.001133 -43.563976 0 0.27406856796431295 4.871628340390239 0.3681297695651444 0.41764239972604517  43 2.503 145 2.411 46 2.503 186 2.516 208 2.410 42 2.516
125 -22.812338 -43.344240 0 2.3278911073276554 0.44676650793778944 1.9917458849700964 5.163276505968561  19 2.464 5 2.305 140 2.460
126 -22.795288 -43.216851 0 1.1856185742417396 1.8140615868373273 0.6981958160331565 1.800991741448494  196 2.602 64 1.831 79 2.194
127 -23.013667 -43.499738 0 0.06159744518199997 3.6101992414009563 1.0659213708051074 0.6321350213034741  95 2.442 57 2.503 34 2.503 151 2.411 144 2.136 157 2.516
128 -22.956620 -43.605911 0 0.08046323477090607 2.0558945693321977 3.3692082443722025 0.4178053363306993  17 2.517 18 2.503 182 2.412 183 2.504 23 2.412 105 2.517
129 -22.849247 -43.560263 0 0.220575122648735 4.778313674141657 0.5290539303886895 1.4627718059573465  59 2.477 193 2.415 8 2.067 68 2.506 83 2.519
130 -22.957764 -43.562915 0 0.29480169625846286 4.122351384087502 1.059096834437329 0.4507465428089488  200 2.504 145 2.412 179 2.412 172 2.517 183 2.517 105 2.504
131 -23.020499 -43.605054 0 0.0 3.8781075569826124 0.0 0.26974938417472516  43 2.220 121 2.376 109 2.428 73 2.289
132 -23.064719 -43.562232 0 0.034823059126866215 2.9925972482447123 0.6137167664872977 0.13286389984732377  165 2.268 211 2.052
133 -22.926917 -43.497625 0 0.0 5.6842320368274 0.0823024988841689 1.7187876454781472  58 2.505 3 2.517 99 2.413 221 2.517 123 2.413 155 2.505
134 -22.951924 -43.369150 0 1.1557464905148134 1.1735420928777087 2.688722553557334 5.050506013508559  97 2.412 159 2.505 163 2.413 169 2.505 149 2.516 142 2.516
135 -22.837327 -43.261273 0 1.8674432298831591 0.3343967192844373 1.6101489566436642 5.216349505954423  50 2.554 147 2.444 21 2.188 38 2.870 104 2.174 225 2.775
136 -22.865105 -43.367054 0 0.8391289806401925 0.07212113987292018 4.8080226651351605 6.423805628550553  190 2.518 61 2.415 37 2.415 7 2.518 138 2.507 150 2.507
137 -22.958897 -43.519917 0 0.0 5.7694159533021265 0.0 0.4203825986075538  58 2.412 213 2.412 200 2.517 99 2.504 20 2.517 172 2.504
138 -22.875418 -43.388815 0 3.696846301968804 1.7110508175349914 0.29112883727237227 0.46362259695407865  85 2.414 75 2.518 136 2.507 37 2.518 7 2.415 25 2.506
139 -22.893802 -43.518330 0 0.2479650733856453 4.44359002711739 0.9944986846269327 2.3062818001731396  4 2.518 3 2.414 63 2.505 220 2.414 80 2.505 123 2.518
140 -22.821663 -43.366007 0 0.8409082931411491 0.2261572742016788 4.38779378350301 6.703856782140993  61 2.416 5 2.518 125 2.460 70 2.508
141 -22.850378 -43.517273 0 0.09241949067898737 4.311200134166925 1.0766328265324452 2.3785321937499844  32 2.519 114 2.232 91 2.506 220 2.415 68 2.519 83 2.506
142 -22.963311 -43.347909 0 0.7544776914455498 1.971932635418745 2.242792242367117 3.4469617987598498  134 2.516 159 2.412 97 2.505 166 2.505 102 2.412 29 2.516
143 -22.997003 -43.284476 0 0.004530051424836718 5.005358436012173 0.4729530945812804 0.9825256946707872  191 2.464 170 2.510 204 2.363 81 2.446
144 -23.032771 -43.501976 0 0.11624632462352068 3.168602462457941 0.6913140197362032 0.6690506759064396  95 2.589 57 2.226 158 2.347 127 2.136
145 -22.979451 -43.563445 0 0.32365331990663715 4.588663064047442 0.6712325103196255 0.4177339168014113  130 2.412 46 2.516 172 2.504 186 2.503 124 2.411 105 2.517
146 -22.983913 -43.391438 0 1.3933514771679025 3.040059839276368 0.781794590605845 1.4952580642457614  97 2.505 178 2.516 169 2.412 120 2.516 28 2.504 210 2.301
147 -22.823819 -43.280095 0 2.5740804973002835 0.1356540880821402 2.988132485128138 6.589087227749975  84 2.527 135 2.444 116 2.500 38 2.884 104 2.415
148 -22.910674 -43.282097 0 0.4785645398703276 1.2276297546300114 4.035535758150626 8.270511467678482  1 2.517 203 2.507 72 2.507 9 2.414 187 2.517 14 2.413
149 -22.940532 -43.390389 0 0.6615594710238016 1.735753097356922 2.7136803436345684 2.2016067342908148  134 2.516 47 2.413 192 2.517 181 2.505 163 2.506 169 2.412
150 -22.854788 -43.345294 0 0.4017269771632764 0.3748761135349991 4.913679744294781 7.838181481133212  190 2.415 61 2.518 5 2.415 136 2.507 92 2.518 171 2.507
151 -22.991988 -43.499210 0 0.3149975371090522 2.9733376521169 1.923239084899176 0.34664357742823815  213 2.516 34 2.516 20 2.411 77 2.504 127 2.411 157 2.503
152 -22.867253 -43.281055 0 1.046773728144015 0.4415786100872056 4.161061892136013 8.459122964453021  60 2.518 202 2.517 21 2.508 9 2.415 104 2.415 111 2.507
153 -23.011543 -43.414824 0 0.3664682734129861 2.1915698362218587 0.5297816879156688 0.7749874243156549  113 2.205 28 1.934 210 2.453
154 -22.908525 -43.368102 0 0.2876217354421147 2.7281013085420467 2.650834480695537 4.001442766364144  85 2.517 160 2.506 47 2.506 163 2.413 37 2.414 173 2.517
155 -22.916626 -43.475863 0 0.0 5.77219751177529 0.0 3.0056185924647836  133 2.505 88 2.505 221 2.413 185 2.414 123 2.518
156 -22.923504 -43.626609 0 0.23781780531793964 1.054684489043588 4.293946610870445 2.367214594101884  17 2.413 36 2.504 66 2.413 10 2.504 23 2.518 207 2.518
157 -23.002266 -43.520975 0 0.045008982696676435 5.249750333109909 0.35763220852410194 0.35149346794887704  57 2.411 213 2.411 46 2.516 151 2.503 127 2.516 42 2.503
158 -23.042442 -43.522363 0 0.0 3.8378122991673314 0.052009034682414766 0.0059893983332465935  57 2.059 78 2.327 211 2.745 144 2.347
159 -22.941618 -43.347386 0 0.5066154167070371 1.1170220559486679 4.046561405737888 1.209701508200195  173 2.413 134 2.505 163 2.517 166 2.516 142 2.412 110 2.506
160 -22.898214 -43.346340 0 0.19490989151633334 2.1608695030166034 3.3819383720928546 5.12460199460012  190 2.414 49 2.517 217 2.507 37 2.517 154 2.506 173 2.414
161 -22.880098 -43.625544 0 1.2014092635091413 1.6845955240246036 2.2550997281044403 1.8270813240284587  212 2.505 31 2.503 66 2.414 69 2.518 12 2.501
162 -22.931427 -43.734350 0 0.0 5.769252926862224 0.0 0.9209973951458256  167 2.518 106 2.518 53 2.503 71 2.038 197 2.413
163 -22.930227 -43.368626 0 0.8008785253111825 0.27561891773867514 4.551223898337516 4.3849537096664415  134 2.413 159 2.517 47 2.517 149 2.506 154 2.413 173 2.506
164 -22.934478 -43.196604 0 0.16165908952937735 2.3214829764602647 3.284190618661085 6.9025941602055525  215 2.413 33 2.413 122 2.240 175 2.516 224 2.507
165 -23.044479 -43.565037 0 0.0 5.429516040413754 0.28031890658547703 0.3977074070033516  132 2.268 78 2.502 121 2.516 208 2.410 211 2.142
166 -22.953004 -43.326145 0 0.06766345496415999 3.1972045332885575 2.4126629874367684 1.8286393791510716  159 2.516 199 2.506 142 2.505 29 2.412 209 2.516 110 2.413
167 -22.919986 -43.755575 0 3.5771775191952253 2.1925508772321516 0.0 0.9210732986010598  162 2.518 195 2.131 13 2.329 223 2.470 197 2.503
168 -23.044437 -43.650103 0 0.0 3.9292804963571863 0.0 0.2768345951842319 
169 -22.962225 -43.390913 0 0.8937622372480475 1.143151788890058 2.9094066638822156 2.180330798006415  134 2.505 97 2.516 146 2.412 181 2.516 120 2.505 149 2.412
170 -22.987138 -43.262415 0 0.36474097941649647 4.319628686707366 1.0850029899524536 3.3266897783073714  117 2.114 204 2.515 222 2.412 143 2.510 55 2.506
171 -22.844466 -43.323533 0 0.5199760391563605 0.05365498013354835 5.111047985516833 7.179074554666786  60 2.518 19 2.416 5 2.518 116 2.508 92 2.415 150 2.507
172 -22.969176 -43.541681 0 0.0 5.410724430872556 0.29064377999997393 0.4177894105260465  130 2.517 213 2.517 46 2.411 200 2.412 145 2.504 137 2.504
173 -22.919918 -43.346863 0 0.2038411400121345 2.4957061714770883 2.938055402233619 3.373745184296583  159 2.413 160 2.414 49 2.506 163 2.506 154 2.517 110 2.517
174 -22.878540 -43.711142 0 0.09567331279730225 4.611384141743072 0.12911380662035457 0.8445314916753727  44 2.443 180 2.504 205 2.329 39 2.401
175 -22.923107 -43.217849 0 0.5194455160346718 1.1725424726406635 4.051388705266432 7.729905020744757  188 2.516 215 2.507 164 2.516 52 2.356 194 2.507 224 2.413
176 -22.966501 -43.218886 0 1.3390521088875589 2.999481939226929 1.4150952173611033 2.5085228785482414  62 2.516 86 2.430 33 2.506 55 2.506 224 2.413
177 -22.892670 -43.561324 0 0.6138843992154345 0.6760644729386414 4.358162279162409 1.4621350340620598  4 2.505 63 2.518 48 2.505 193 2.414 22 2.518 40 2.414
178 -22.995300 -43.370197 0 2.21590580365128 1.310054103093428 1.9636753974329544 1.4951247324040602  97 2.412 146 2.516 102 2.505 101 2.387 210 2.466
179 -22.936072 -43.562384 0 0.5178135059036397 1.8967500645689364 2.885109965586628 1.3316867419987328  130 2.412 200 2.517 45 2.518 118 2.504 183 2.504 40 2.413
180 -22.888161 -43.733241 0 1.4362178203712395 3.5198173396735593 0.5023105990780539 0.9098916658920861  205 2.508 13 2.509 174 2.504 197 2.399
181 -22.950832 -43.412152 0 0.4072626705954609 5.317523805528559 0.0458922013123655 1.1563429236066465  192 2.413 35 2.517 89 2.505 169 2.516 120 2.412 149 2.505
182 -22.978307 -43.606442 0 0.0 4.056604658381387 0.8420779253294308 0.4177139090805386  18 2.517 76 2.503 128 2.412 186 2.517 105 2.503 73 2.411
183 -22.946348 -43.584147 0 0.30157785608368964 2.4839881142853257 2.4185590418974954 0.502793241293429  130 2.517 45 2.413 179 2.504 23 2.517 105 2.412 128 2.504
184 -22.842296 -43.409526 0 0.42108429221854565 2.5873582843244667 2.296859054690992 2.898725426003266  98 2.507 75 2.415 7 2.518 70 2.507
185 -22.894922 -43.475335 0 0.1761150077243422 2.400897788161793 3.1555051587565996 3.298194319650573  74 2.506 88 2.518 206 2.414 80 2.518 123 2.505 155 2.414
186 -22.989722 -43.585210 0 0.32238836795390025 4.176307344687049 1.078608849708466 0.4176782452359307  43 2.411 145 2.503 182 2.517 124 2.516 105 2.411 73 2.503
187 -22.899288 -43.303338 0 0.4567679995546468 0.37929907505679794 4.909099414858236 5.959400794955837  217 2.517 49 2.507 148 2.517 9 2.507 111 2.414 72 2.414
188 -22.911730 -43.239092 0 1.1132091991965116 0.7599495936332152 3.7829252357032317 10.606141358651435  1 2.507 203 2.517 175 2.516 52 2.437 194 2.413 108 2.414
189 -22.954297 -43.691897 0 0.15317367010377372 2.4901328925381105 2.428423445809041 2.0785688380321576  214 2.503 119 2.372 100 2.255 24 2.412 11 2.517 106 2.518
190 -22.876504 -43.345817 0 0.8875644688228855 0.10583617679295342 4.723245517127108 7.2490208267225595  160 2.414 217 2.517 136 2.518 37 2.507 92 2.507 150 2.415
191 -22.986075 -43.305425 0 0.7592761091077659 3.238552960934065 1.7374285967634502 1.5412844262231291  51 2.505 204 2.505 81 2.300 29 2.516 143 2.464 209 2.412
192 -22.929135 -43.411627 0 0.21385235732940003 4.564543342155949 0.8945143652133304 1.104914713402589  15 2.517 201 2.413 47 2.506 35 2.505 181 2.413 149 2.517
193 -22.870962 -43.560793 0 1.1114579318906284 1.001470664733176 3.2714356288268167 1.4624535715142215  129 2.415 59 2.480 177 2.414 4 2.518 22 2.505 83 2.506
194 -22.933433 -43.239612 0 0.3550100316190922 1.9498349342432149 3.46047789626333 8.506486666123674  188 2.413 1 2.516 62 2.413 87 2.506 175 2.507 224 2.516
195 -22.927921 -43.774519 0 0.10340344763829232 3.6053479656880074 0.0 0.5613376645478382  167 2.131 223 2.123
196 -22.804505 -43.193510 0 0.551580745006537 0.10734773537987301 4.939760528406555 7.123810765815367  30 2.426 64 2.390 126 2.602
197 -22.909730 -43.733814 0 4.406532630057225 1.3091710406018262 0.054809084530139655 0.9211985127986001  180 2.399 162 2.413 167 2.503 205 2.504 53 2.518 13 2.446
198 -22.900643 -43.669066 0 0.2129822829420094 2.810340010213456 1.577856970410034 0.92407497124377  212 2.504 44 2.519 6 2.414 41 2.504 103 2.413 207 2.518
199 -22.942692 -43.304381 0 0.0 5.768774274771141 0.0031110014416245 1.0383919149897771  216 2.516 166 2.506 110 2.516 72 2.413 209 2.412 14 2.506
200 -22.947486 -43.541151 0 0.0 5.707723186928264 0.062192087060952375 0.8171210853506607  58 2.504 130 2.504 179 2.517 137 2.517 172 2.412 118 2.413
201 -22.907434 -43.411102 0 0.10508998856005893 4.357940504267459 1.2583828398670447 2.924204531756587  15 2.506 85 2.506 47 2.517 192 2.413 25 2.414 94 2.517
202 -22.878640 -43.259815 0 1.5385249260215896 0.08391967343216093 4.0706600527554455 8.511556309601145  203 2.414 21 2.415 65 2.449 9 2.507 152 2.517 108 2.517
203 -22.900350 -43.260335 0 0.6912339908970242 0.8009428756969648 4.254835594957928 7.588242815443326  188 2.517 1 2.414 202 2.414 148 2.507 9 2.517 108 2.507
204 -22.975764 -43.283660 0 0.005091654490294059 4.917979081212323 0.8292154449165658 0.35911050496694813  191 2.505 216 2.412 170 2.515 222 2.506 143 2.363 209 2.516
205 -22.899470 -43.712053 0 0.8720252685440574 3.2987677660193095 1.5542378260692036 0.921323335703851  44 2.504 180 2.508 41 2.518 53 2.413 174 2.329 197 2.504
206 -22.873213 -43.474808 0 0.766209671820317 0.23546381723355542 4.752701157743395 3.3144415091867874  2 2.408 74 2.518 32 2.518 80 2.506 185 2.414 27 2.506
207 -22.912075 -43.647838 0 0.7357988807746085 2.7458094751732203 2.1256688016234286 1.650870610047558  212 2.413 36 2.413 66 2.504 103 2.504 156 2.518 198 2.518
208 -23.022809 -43.564506 0 0.18272464678009395 5.171499679815939 0.37459786432126774 0.37782465423148526  43 2.516 165 2.410 78 2.516 121 2.502 124 2.410 42 2.503
209 -22.964386 -43.304903 0 0.0 5.4834672743607396 0.28715648658039006 0.9059940342289138  191 2.412 199 2.412 216 2.506 166 2.516 204 2.516 29 2.505
210 -23.004602 -43.392072 0 0.585770865581877 2.2642592290705066 2.1636722713812495 1.3250126773449955  178 2.466 146 2.301 153 2.453 28 2.452
211 -23.053336 -43.546438 0 0.02287430743646197 3.5631279410640437 0.12216250217147345 0.04095238452824151  158 2.745 132 2.052 165 2.142 78 2.151
212 -22.890372 -43.647305 0 0.5375189410569327 3.5687068570387543 1.3863547725981042 1.5377565461675469  161 2.505 6 2.519 66 2.518 12 2.398 207 2.413 198 2.504
213 -22.980584 -43.520446 0 0.0027601913845767675 5.69149356677907 0.06559981976131261 0.3229396498389774  46 2.504 20 2.504 137 2.412 172 2.517 151 2.516 157 2.411
214 -22.944037 -43.670134 0 0.21691673741140774 2.015452855785398 2.8691036183562297 0.9215411358281038  189 2.503 36 2.503 24 2.518 11 2.412 103 2.413 93 2.517
215 -22.912776 -43.196086 0 1.8135348868991512 0.24989748883854931 3.584161685597173 5.575641138493556  175 2.507 164 2.413 52 2.532 122 2.242 107 2.228
216 -22.954073 -43.283139 0 0.008930701704953572 5.62495760141098 0.13747499433516763 0.16219677349905545  199 2.516 87 2.506 204 2.412 222 2.516 209 2.506 14 2.413
217 -22.887898 -43.324578 0 0.6176326955124005 0.8573207083986928 4.290734152479726 5.123125777366695  190 2.517 160 2.507 49 2.414 92 2.415 111 2.507 187 2.517
218 -22.982815 -43.434442 0 0.31447103768916906 4.485666276003995 0.6724540743483988 0.5968588565270864  56 2.504 113 2.411 82 2.516 89 2.412 120 2.504 28 2.516
219 -22.874321 -43.431812 0 1.0652882565954154 0.06413278199053198 4.496382579051262 3.868067229524607  98 2.411 74 2.506 75 2.506 25 2.518 27 2.518 94 2.414
220 -22.872093 -43.517801 0 0.14236993597169645 1.918718299398101 3.421822253052636 2.687949099996604  4 2.506 32 2.506 139 2.414 80 2.518 141 2.415 83 2.518
221 -22.938325 -43.476390 0 0.0 5.768418805001784 0.0025185435490913594 0.6061176450108944  133 2.517 99 2.505 90 2.517 54 2.412 155 2.413
222 -22.965449 -43.261895 0 0.034157976834081775 5.564833605194434 0.17184723317116893 0.15724090233917484  62 2.506 216 2.516 87 2.412 170 2.412 204 2.506 55 2.515
223 -22.908908 -43.776481 0 0.1974530989165397 5.238696992775988 0.0 0.8773877680265106  167 2.470 195 2.123 13 2.486
224 -22.944806 -43.218367 0 0.02283389169373775 5.51920438504708 0.22307593529956563 1.9171695525570183  62 2.506 33 2.516 164 2.507 194 2.516 175 2.413 176 2.413
225 -22.822735 -43.239297 0 2.618744645662253 0.5493294098163627 0.7683596963494989 0.43473187716590117  50 2.771 64 2.731 135 2.775 38 1.988 79 2.198
END