0 -23.071036 -43.560384 0 0.0 1.70862530082518 0.18550738228329655 0.04639321591420173  1 1.061 7 1.702 8 2.463 6 4.573
1 -23.072987 -43.550234 0 0.0 0.028037487316003633 0.0 3.458713983510399e-05  0 1.061 8 2.135 9 4.149 7 2.382
2 -23.081797 -43.208199 0 0.0 0.008845391048382653 0.0 0.0011332561764174375  3 1.906
3 -23.070122 -43.194559 0 0.0 0.532374375442024 0.0 0.5675947294435607  2 1.906 10 5.107
4 -23.050913 -43.660100 0 0.0 0.35147384278803406 0.0 0.020780688111255857  5 1.941 11 0.684 12 2.559
5 -23.050266 -43.641141 0 0.0012675273471269212 0.8352502332059424 0.0 0.0457901342246368  6 4.290 4 1.941 12 1.006 13 4.007 11 2.004
6 -23.050649 -43.599207 0 0.005358960407496974 1.0344264933781089 0.0 0.05847724039372143  7 3.574 5 4.290 13 1.173 14 3.332 0 4.573 12 3.983
7 -23.056276 -43.564813 0 0.17670290768385669 4.597919540591589 0.5211786723821048 0.2783348453843079  8 2.112 6 3.574 14 1.761 0 1.702 15 3.625 1 2.382 13 4.301
8 -23.054588 -43.544248 0 0.022719987798858223 1.9241801027382233 0.016542587995639832 0.007104403029025744  9 3.513 7 2.112 15 1.886 1 2.135 16 4.322 14 2.912 0 2.463
9 -23.063005 -43.511148 0 0.0 0.24373557771331023 0.0 0.00028300695582584835  8 3.513 16 2.819 17 5.187 15 3.387 1 4.149
10 -23.062390 -43.145341 0 0.008188283017918295 0.30870865507477896 0.0 0.298378546958366  21 6.229 3 5.107
11 -23.044771 -43.659798 0 0.0 0.9189189070484525 0.0 0.06350536179925355  12 2.351 4 0.684 22 5.102 5 2.004
12 -23.042059 -43.637007 0 0.03254122082569109 6.035779778310692 0.0 0.4396046485535332  13 3.447 11 2.351 22 3.345 5 1.006 23 4.413 6 3.983 4 2.559
13 -23.040810 -43.603345 0 0.043848857306659966 7.217105076932661 0.0 0.5258776604044019  14 3.570 12 3.447 23 1.967 6 1.173 24 4.033 7 4.301 22 3.335 5 4.007
14 -23.040795 -43.568446 0 0.0 6.89570573022014 0.3059340567589567 0.48128099469126134  15 3.556 13 3.570 24 1.873 7 1.761 25 4.035 8 2.912 23 3.647 6 3.332
15 -23.040686 -43.533689 0 0.00015431963759068916 7.118370770038757 0.05790964524790304 0.19838347155706784  16 2.848 14 3.556 25 1.861 8 1.886 26 4.045 9 3.387 24 4.013 7 3.625
16 -23.038093 -43.505991 0 0.09735670011658291 2.9790530630151277 0.05473904108565891 0.22385484500109154  17 3.689 15 2.848 26 1.745 9 2.819 27 4.436 25 3.226 8 4.322
17 -23.035707 -43.470028 0 0.0012794966524277088 0.1776739647642476 0.0 0.03145781706207841  16 3.689 27 1.537 28 4.204 26 3.201 9 5.187
18 -23.040813 -43.309336 0 0.0 0.03627242042001155 0.0 0.002868520839211527  19 0.878 30 2.775 31 2.728
19 -23.035745 -43.302757 0 0.0 0.11139826845829853 0.0 0.016239034534710383  18 0.878 31 1.886 30 2.288
20 -23.038801 -43.205711 0 0.0 0.13237937185612988 0.0 0.12292784678558297  21 0.746 32 1.374 33 2.081
21 -23.036024 -43.199070 0 0.0 0.07692232919432519 0.0 0.07171800162899383  20 0.746 33 1.394 10 6.229 32 1.163
22 -23.015718 -43.621202 0 0.0 0.003803983977947351 0.0 0.0  23 2.453 35 1.756 12 3.345 36 2.060 13 3.335 34 4.440 11 5.102
23 -23.023618 -43.598816 0 0.0 5.027865641825642 0.0 0.35170841609077175  24 3.108 22 2.453 36 1.894 13 1.967 37 3.609 14 3.647 35 4.082 12 4.413
24 -23.023951 -43.568446 0 0.10423417023516884 6.754654621731961 0.40377423327325473 0.4802925642650199  25 3.574 23 3.108 37 1.873 14 1.873 38 4.035 15 4.013 36 4.035 13 4.033
25 -23.023951 -43.533517 0 0.07714409888165463 6.206249115055462 0.9215590495789054 1.072578115120868  26 3.574 24 3.574 38 1.873 15 1.861 39 4.035 16 3.226 37 4.035 14 4.035
26 -23.023951 -43.498589 0 0.318630777666486 3.1776636174292614 2.4492216303420964 1.596419416887208  27 3.324 25 3.574 39 1.873 16 1.745 40 4.035 17 3.201 38 4.035 15 4.045
27 -23.022348 -43.466149 0 0.32760256884899486 1.05842243865021 4.048384618325873 1.3286798990020257  28 3.349 26 3.324 40 1.713 17 1.537 41 4.187 39 3.727 16 4.436
28 -23.017903 -43.433778 0 0.04268566554693599 1.5702624831503391 0.02566506846343826 0.37847699428457715  29 2.478 27 3.349 41 1.307 42 4.220 40 3.285 17 4.204
29 -23.015741 -43.409673 0 0.0 0.018787671308041546 0.0 0.0005215326204633217  28 2.478 42 1.872 43 5.312 41 2.174
30 -23.015867 -43.308537 0 0.0 0.03771978727405725 0.0 0.002270019022751949  31 1.653 44 1.833 18 2.775 45 1.949 19 2.288 43 5.309
31 -23.021121 -43.293421 0 0.004495835379543402 0.15421176009691503 0.025554166177597017 0.013697149024824233  30 1.653 45 1.686 19 1.886 46 4.489 44 3.453 18 2.728
32 -23.026556 -43.203898 0 0.0 0.09582212217458219 0.0 0.07640659537435787  33 1.336 20 1.374 21 1.163 46 6.145
33 -23.026020 -43.190855 0 0.0 0.1661940167211829 0.0 0.12263055317043953  32 1.336 21 1.394 20 2.081
34 -22.999315 -43.660759 0 0.0 0.0037989387134560546 0.0 0.0  35 2.950 48 1.664 49 2.510 22 4.440 47 3.968
35 -23.003702 -43.632333 0 0.06002931105555673 1.2688557837452437 1.620466231609533 0.48373199024555413  36 2.988 34 2.950 49 1.614 22 1.756 50 3.319 23 4.082 48 4.162
36 -23.007108 -43.603375 0 0.14051573906201276 6.964748125806354 0.16450004935337065 0.5268104013791312  37 3.574 35 2.988 50 1.873 23 1.894 51 4.035 24 4.035 49 4.035 22 2.060
37 -23.007108 -43.568446 0 0.39225541247490925 6.619912870372136 0.17460060267316624 0.5268294844317357  38 3.574 36 3.574 51 1.873 24 1.873 52 4.035 25 4.035 50 4.035 23 3.609
38 -23.007108 -43.533517 0 0.03360047409232654 5.133537035793999 1.5649712367948019 0.5633964525890153  39 3.574 37 3.574 52 1.873 25 1.873 53 4.035 26 4.035 51 4.035 24 4.035
39 -23.007108 -43.498589 0 0.08975624599467177 5.330228466308352 1.19969771899426 0.7730889250300865  40 3.574 38 3.574 53 1.873 26 1.873 54 4.035 27 3.727 52 4.035 25 4.035
40 -23.007108 -43.463660 0 0.46340599730811977 3.188084222781801 2.5123235992991755 1.7916275664940582  41 3.574 39 3.574 54 1.873 27 1.713 55 4.035 28 3.285 53 4.035 26 4.035
41 -23.007108 -43.428732 0 0.7625088961477058 2.294638978712509 3.2929471153302665 1.8627670770448905  42 3.505 40 3.574 55 1.873 28 1.307 56 4.035 29 2.174 54 4.035 27 4.187
42 -23.006352 -43.394489 0 1.068867614088465 3.1651628984631506 1.864558156470542 1.6627406947810284  43 3.627 41 3.505 56 1.790 29 1.872 57 4.060 55 3.934 28 4.220
43 -23.005058 -43.359073 0 1.0347406954103415 1.3759399884008467 3.039822516984311 1.3720961038402633  44 3.703 42 3.627 57 1.645 58 3.953 30 5.309 56 3.916 29 5.312
44 -23.006006 -43.322898 0 0.8893824685787232 1.1809224120028983 4.134336567455288 1.566577527103929  45 3.078 43 3.703 58 1.753 30 1.833 59 3.884 31 3.453 57 4.077
45 -23.005966 -43.292824 0 0.20777987218545124 3.336751607778969 1.7689762522419723 0.948441421288158  46 3.803 44 3.078 59 1.789 31 1.686 60 4.328 58 3.632 30 1.949
46 -22.999587 -43.256313 0 0.055442329550831636 0.3496887967701808 0.12951801669465834 0.14467871372704977  45 3.803 60 1.063 61 3.776 32 6.145 59 3.504 31 4.489
47 -22.984245 -43.695905 0 0.03492794237614431 0.0346511193542165 0.5248821009410817 0.2115883542978469  48 2.847 63 1.506 64 2.624 34 3.968
48 -22.985992 -43.668158 0 0.10031724226758472 0.5818679876630505 1.0065723393202712 0.275663880805014  49 3.093 47 2.847 64 1.501 34 1.664 65 3.360 35 4.162 63 3.793
49 -22.990259 -43.638292 0 0.09100035920146801 3.2267443899405084 3.594664529441561 0.9090488152555587  50 3.574 48 3.093 65 1.872 35 1.614 66 4.034 36 4.035 64 4.038 34 2.510
50 -22.990264 -43.603375 0 0.16183463392921665 4.934417137074027 1.2092695784540828 0.5268294844316093  51 3.575 49 3.574 66 1.873 36 1.873 67 4.036 37 4.035 65 4.036 35 3.319
51 -22.990264 -43.568446 0 0.5448726213109804 5.057092284055116 1.3584108327214022 0.5268294844317357  52 3.575 50 3.575 67 1.873 37 1.873 68 4.036 38 4.035 66 4.036 36 4.035
52 -22.990264 -43.533517 0 0.11731043206288763 5.818453560888831 1.0159098446667132 0.49297303430091743  53 3.575 51 3.575 68 1.873 38 1.873 69 4.036 39 4.035 67 4.036 37 4.035
53 -22.990264 -43.498589 0 0.4347127786032925 4.421241383772308 1.9088545333585463 0.5269178004775509  54 3.575 52 3.575 69 1.873 39 1.873 70 4.036 40 4.035 68 4.036 38 4.035
54 -22.990264 -43.463660 0 0.20040411150330412 4.120813376585782 1.8244693475948819 1.4509337448335689  55 3.575 53 3.575 70 1.873 40 1.873 71 4.036 41 4.035 69 4.036 39 4.035
55 -22.990264 -43.428732 0 1.249839608700683 3.685924839262715 1.8701359509343727 1.2312513142702564  56 3.575 54 3.575 71 1.873 41 1.873 72 4.036 42 3.934 70 4.036 40 4.035
56 -22.990264 -43.393803 0 0.5355763749290412 3.7041480521863734 2.256176958918708 1.8842840533972198  57 3.575 55 3.575 72 1.873 42 1.790 73 4.036 43 3.916 71 4.036 41 4.035
57 -22.990264 -43.358875 0 2.345185310371714 3.388967050356725 1.1310852001396832 1.8854276640730634  58 3.575 56 3.575 73 1.873 43 1.645 74 4.036 44 4.077 72 4.036 42 4.060
58 -22.990264 -43.323946 0 0.5380789010040621 5.046532871588171 1.4752703497951192 1.9224400279334255  59 3.575 57 3.575 74 1.873 44 1.753 75 4.036 45 3.632 73 4.036 43 3.953
59 -22.990264 -43.289018 0 0.43786866013920933 5.339799743559411 1.4931954013910271 1.5884342792852646  60 3.570 58 3.575 75 1.873 45 1.789 76 4.036 46 3.504 74 4.036 44 3.884
60 -22.990239 -43.254140 0 0.4709403786569391 4.388358685183764 2.385704251783667 8.755007489621896  61 3.274 59 3.570 76 1.870 46 1.063 77 4.039 75 4.030 45 4.328
61 -22.986064 -43.222472 0 0.19352074368017777 0.7991806244755284 2.0919346933232488 4.4712492790981155  62 2.890 60 3.274 77 1.446 78 3.557 76 3.528 46 3.776
62 -22.985294 -43.194249 0 0.1576077452751276 0.12905181214993447 0.8356013681130194 1.920212117278462  61 2.890 78 1.507 79 4.725 77 2.871
63 -22.971876 -43.701899 0 0.11710441269205034 0.7930086259598264 3.180946633268429 1.7652843505965423  64 2.944 81 1.821 47 1.506 82 3.392 48 3.793 80 3.796
64 -22.973308 -43.673184 0 0.07737654753750378 2.7398730635851556 3.5650978571784426 1.7608904156781315  65 3.570 63 2.944 82 1.860 48 1.501 83 4.026 49 4.038 81 4.013 47 2.624
65 -22.973420 -43.638303 0 0.35642210108561506 3.5229202138650533 3.133456800415087 0.526829484431731  66 3.575 64 3.570 83 1.873 49 1.872 84 4.036 50 4.036 82 4.036 48 3.360
66 -22.973420 -43.603375 0 0.06789705887282005 4.329206900713989 2.107875214413221 0.5268294844314784  67 3.575 65 3.575 84 1.873 50 1.873 85 4.036 51 4.036 83 4.036 49 4.034
67 -22.973420 -43.568446 0 0.052865424268462836 5.981361085433268 1.054876149327135 0.5268294844316047  68 3.575 66 3.575 85 1.873 51 1.873 86 4.036 52 4.036 84 4.036 50 4.036
68 -22.973420 -43.533517 0 0.0 6.816832413437967 0.37526183006107217 0.5083968768587299  69 3.575 67 3.575 86 1.873 52 1.873 87 4.036 53 4.036 85 4.036 51 4.036
69 -22.973420 -43.498589 0 0.4049070394873663 4.966076599267887 1.746654201012102 0.2381523797936443  70 3.575 68 3.575 87 1.873 53 1.873 88 4.036 54 4.036 86 4.036 52 4.036
70 -22.973420 -43.463660 0 0.1371927776387498 6.483114630902019 0.6209753599460147 0.9175781858571092  71 3.575 69 3.575 88 1.873 54 1.873 89 4.036 55 4.036 87 4.036 53 4.036
71 -22.973420 -43.428732 0 0.4376811434018698 5.6012793371868845 1.0768592687160323 0.5897522111130798  72 3.575 70 3.575 89 1.873 55 1.873 90 4.036 56 4.036 88 4.036 54 4.036
72 -22.973420 -43.393803 0 2.0194741963632885 2.324533356587633 1.9009074118326161 1.6031017623820423  73 3.575 71 3.575 90 1.873 56 1.873 91 4.036 57 4.036 89 4.036 55 4.036
73 -22.973420 -43.358875 0 0.7820325261113471 4.4879705997327415 0.7247279550861971 1.701639166363692  74 3.575 72 3.575 91 1.873 57 1.873 92 4.036 58 4.036 90 4.036 56 4.036
74 -22.973420 -43.323946 0 0.16958225007741676 5.172525414666378 1.7099930458551436 1.7315958954819355  75 3.575 73 3.575 92 1.873 58 1.873 93 4.036 59 4.036 91 4.036 57 4.036
75 -22.973420 -43.289018 0 0.03790321423093611 6.118384178390039 1.1001286527918255 0.6600894022376166  76 3.575 74 3.575 93 1.873 59 1.873 94 4.036 60 4.030 92 4.036 58 4.036
76 -22.973420 -43.254089 0 0.0759403779263006 6.896582397762143 0.3013456135205225 0.8495929967204644  77 3.575 75 3.575 94 1.873 60 1.870 95 4.036 61 3.528 93 4.036 59 4.036
77 -22.973420 -43.219161 0 1.7031765549611162 3.4923018702018145 2.047042959779856 4.601580428485747  78 2.862 76 3.575 95 1.873 61 1.446 96 3.952 62 2.871 94 4.036 60 4.039
78 -22.972020 -43.191242 0 0.14957387938412278 1.596606753285699 2.2542915410098017 9.929988335764206  79 3.949 77 2.862 96 1.797 62 1.507 97 3.648 95 3.334 61 3.557
79 -22.965698 -43.153284 0 0.0 0.027335294213784098 0.0 0.012512814013842095  78 3.949 97 1.364 96 3.386 62 4.725
80 -22.952204 -43.732209 0 0.006756565429196459 1.474974055689507 0.0 0.20886663827840762  81 2.538 99 1.743 100 2.826 63 3.796 98 4.078
81 -22.956445 -43.707850 0 0.013341097317359567 5.5232153609005605 1.3471679360076945 1.9265904946144075  82 3.544 80 2.538 100 1.858 63 1.821 101 4.002 64 4.013 99 3.930
82 -22.956577 -43.673232 0 0.3269247007898082 4.219083615532332 1.9865474136117047 1.5392243970711446  83 3.576 81 3.544 101 1.873 64 1.860 102 4.037 65 4.036 100 4.037 63 3.392
83 -22.956577 -43.638303 0 0.4007738029408825 5.396109468082546 1.2137612129793471 0.7276062105223846  84 3.576 82 3.576 102 1.873 65 1.873 103 4.037 66 4.036 101 4.037 64 4.026
84 -22.956577 -43.603375 0 0.1038377363529722 3.7018154490663013 3.159364333104061 0.526982241399872  85 3.576 83 3.576 103 1.873 66 1.873 104 4.037 67 4.036 102 4.037 65 4.036
85 -22.956577 -43.568446 0 0.40416021887238146 4.985364948522339 1.5713139846264013 0.5520968215617574  86 3.576 84 3.576 104 1.873 67 1.873 105 4.037 68 4.036 103 4.037 66 4.036
86 -22.956577 -43.533517 0 0.0 7.199733116709699 0.07449669678790682 0.563252057830577  87 3.576 85 3.576 105 1.873 68 1.873 106 4.037 69 4.036 104 4.037 67 4.036
87 -22.956577 -43.498589 0 0.02325592042665934 7.096715199924123 0.15150084887989693 0.31481595665518064  88 3.576 86 3.576 106 1.873 69 1.873 107 4.037 70 4.036 105 4.037 68 4.036
88 -22.956577 -43.463660 0 0.0 7.268454890695922 0.005776145048245582 0.32367414313599663  89 3.576 87 3.576 107 1.873 70 1.873 108 4.037 71 4.036 106 4.037 69 4.036
89 -22.956577 -43.428732 0 0.0 7.18792767669416 0.08630335905000863 0.8614059893208176  90 3.576 88 3.576 108 1.873 71 1.873 109 4.037 72 4.036 107 4.037 70 4.036
90 -22.956577 -43.393803 0 1.3010125046786118 2.596192969579763 2.7486759783439596 3.051730310593181  91 3.576 89 3.576 109 1.873 72 1.873 110 4.037 73 4.036 108 4.037 71 4.036
91 -22.956577 -43.358875 0 1.4979181465772762 1.6094040098537061 3.161930972058369 4.461767239377569  92 3.576 90 3.576 110 1.873 73 1.873 111 4.037 74 4.036 109 4.037 72 4.036
92 -22.956577 -43.323946 0 0.08282945172679099 4.480821571734308 2.3283438417696627 2.321157200152886  93 3.576 91 3.576 111 1.873 74 1.873 112 4.037 75 4.036 110 4.037 73 4.036
93 -22.956577 -43.289018 0 0.012598238807832361 7.0485963482406735 0.21303644869566088 0.416869062060524  94 3.576 92 3.576 112 1.873 75 1.873 113 4.037 76 4.036 111 4.037 74 4.036
94 -22.956577 -43.254089 0 0.05766601658512177 6.939413348505104 0.2771516706556936 0.44080776404852584  95 3.576 93 3.576 113 1.873 76 1.873 114 4.037 77 4.036 112 4.037 75 4.036
95 -22.956577 -43.219161 0 0.19028643416856703 5.627809251054636 1.4561353505192154 2.0990858642465544  96 3.502 94 3.576 114 1.873 77 1.873 115 3.821 78 3.334 113 4.037 76 4.036
96 -22.956929 -43.184957 0 0.7935736850981138 2.2318013348084778 3.8305928623425687 11.761320690146137  97 2.508 95 3.502 115 1.986 78 1.797 116 3.136 79 3.386 114 3.990 77 3.952
97 -22.955398 -43.160515 0 0.14363993672761322 1.5605357539461604 0.08100737917688441 1.0305637033501414  96 2.508 116 1.274 79 1.364 115 3.256 78 3.648
98 -22.935908 -43.767890 0 0.0 1.7098594146805268 0.0 0.24926373433909876  99 2.757 117 1.727 118 2.923 80 4.078
99 -22.938872 -43.741160 0 0.03318787229320869 6.205760906376671 0.0 0.973445883836193  100 3.380 98 2.757 118 1.788 80 1.743 119 3.818 81 3.930 117 3.990
100 -22.939733 -43.708160 0 0.8063861295278204 4.817414544513131 1.3430536684792485 1.203020674452445  101 3.576 99 3.380 119 1.873 81 1.858 120 4.037 82 4.037 118 4.037 80 2.826
101 -22.939733 -43.673232 0 0.3654484151487233 1.4275327822537662 4.867464156433397 1.2121962278485905  102 3.576 100 3.576 120 1.873 82 1.873 121 4.037 83 4.037 119 4.037 81 4.002
102 -22.939733 -43.638303 0 0.29949433720381635 4.734424377025621 1.7835929736335052 1.3554691752946424  103 3.576 101 3.576 121 1.873 83 1.873 122 4.037 84 4.037 120 4.037 82 4.037
103 -22.939733 -43.603375 0 0.06241963482148037 5.421528398983901 1.6545130209868517 1.1179065404693407  104 3.576 102 3.576 122 1.873 84 1.873 123 4.037 85 4.037 121 4.037 83 4.037
104 -22.939733 -43.568446 0 0.634737875002283 3.020234868744065 2.8924964925884167 1.3333436099087288  105 3.576 103 3.576 123 1.873 85 1.873 124 4.037 86 4.037 122 4.037 84 4.037
105 -22.939733 -43.533517 0 0.035992164787215834 6.915291227895662 0.3229476430595503 1.6688123950331109  106 3.576 104 3.576 124 1.873 86 1.873 125 4.037 87 4.037 123 4.037 85 4.037
106 -22.939733 -43.498589 0 0.0 7.263300026976473 0.01093100876943965 1.2753517830595695  107 3.576 105 3.576 125 1.873 87 1.873 126 4.037 88 4.037 124 4.037 86 4.037
107 -22.939733 -43.463660 0 0.0 7.271712492195077 0.0025185435490913594 0.8913543704980784  108 3.576 106 3.576 126 1.873 88 1.873 127 4.037 89 4.037 125 4.037 87 4.037
108 -22.939733 -43.428732 0 0.0 7.198474795371644 0.07575624037252585 1.3360220326476293  109 3.576 107 3.576 127 1.873 89 1.873 128 4.037 90 4.037 126 4.037 88 4.037
109 -22.939733 -43.393803 0 0.778710991843697 3.473955708213342 2.373274893917357 2.492039942730176  110 3.576 108 3.576 128 1.873 90 1.873 129 4.037 91 4.037 127 4.037 89 4.037
110 -22.939733 -43.358875 0 1.1901788472952926 0.9015100924887188 4.891925346543414 5.105324870821175  111 3.576 109 3.576 129 1.873 91 1.873 130 4.037 92 4.037 128 4.037 90 4.037
111 -22.939733 -43.323946 0 0.11362378450919298 3.8965654647187185 3.1044966479895275 1.1176809835319692  112 3.576 110 3.576 130 1.873 92 1.873 131 4.037 93 4.037 129 4.037 91 4.037
112 -22.939733 -43.289018 0 0.0 7.274231035744166 0.0 1.857960567259809  113 3.576 111 3.576 131 1.873 93 1.873 132 4.037 94 4.037 130 4.037 92 4.037
113 -22.939733 -43.254089 0 0.20394953330341273 4.315802942187645 2.6868577497440325 8.65800659698908  114 3.576 112 3.576 132 1.873 94 1.873 133 4.037 95 4.037 131 4.037 93 4.037
114 -22.939733 -43.219161 0 0.11583675264005379 6.277501542205679 0.8737002640958467 5.121923904564639  115 3.295 113 3.576 133 1.873 95 1.873 134 3.888 96 3.990 132 4.037 94 4.037
115 -22.939166 -43.186981 0 0.5999772522245426 1.8421054310370533 3.5362666896556587 10.046688172052585  116 3.063 114 3.295 134 1.807 96 1.986 135 3.614 97 3.256 133 3.759 95 3.821
116 -22.944260 -43.157584 0 0.11836322438687158 0.4173331929790457 0.1750563591317661 0.1853775299316771  115 3.063 135 3.246 97 1.274 134 3.740 96 3.136
117 -22.922091 -43.775601 0 1.0176303320512141 4.957125200708363 0.0 0.9367073893150965  118 3.330 136 1.724 98 1.727 137 3.777 99 3.990
118 -22.922889 -43.743089 0 2.882593878180761 4.391637157563346 0.0 1.1612504982084013  119 3.577 117 3.330 137 1.873 99 1.788 138 4.037 100 4.037 136 3.801 98 2.923
119 -22.922889 -43.708160 0 1.1316953534089844 4.031071352144781 1.8792927035837184 1.1612504982081229  120 3.577 118 3.577 138 1.873 100 1.873 139 4.037 101 4.037 137 4.037 99 3.818
120 -22.922889 -43.673232 0 0.6170496881017744 1.467679665986867 4.968920310059487 1.1612504982081229  121 3.577 119 3.577 139 1.873 101 1.873 140 4.037 102 4.037 138 4.037 100 4.037
121 -22.922889 -43.638303 0 0.8241835461342049 0.9396822280374447 5.279580066929468 2.0680366816297475  122 3.577 120 3.577 140 1.873 102 1.873 141 4.037 103 4.037 139 4.037 101 4.037
122 -22.922889 -43.603375 0 0.2418832722967593 4.166242021927018 2.488108934471254 4.45737964491742  123 3.577 121 3.577 141 1.873 103 1.873 142 4.037 104 4.037 140 4.037 102 4.037
123 -22.922889 -43.568446 0 0.4672359033315913 2.4139684884481385 4.199410658506655 1.9522525835501185  124 3.577 122 3.577 142 1.873 104 1.873 143 4.037 105 4.037 141 4.037 103 4.037
124 -22.922889 -43.533517 0 0.250965651885646 2.8198218302956213 3.897466598479264 1.8423761270070986  125 3.577 123 3.577 143 1.873 105 1.873 144 4.037 106 4.037 142 4.037 104 4.037
125 -22.922889 -43.498589 0 0.002992705384339551 6.551707404157735 0.6237837547092633 2.407768337929696  126 3.577 124 3.577 144 1.873 106 1.873 145 4.037 107 4.037 143 4.037 105 4.037
126 -22.922889 -43.463660 0 0.0 7.270701443776346 0.003529591966012914 2.2119945946877024  127 3.577 125 3.577 145 1.873 107 1.873 146 4.037 108 4.037 144 4.037 106 4.037
127 -22.922889 -43.428732 0 0.3606477532029081 5.775987423974144 1.0282749825586408 1.4317402808807014  128 3.577 126 3.577 146 1.873 108 1.873 147 4.037 109 4.037 145 4.037 107 4.037
128 -22.922889 -43.393803 0 0.25319506372492656 2.0198673421595728 4.717414161026974 3.399558750684476  129 3.577 127 3.577 147 1.873 109 1.873 148 4.037 110 4.037 146 4.037 108 4.037
129 -22.922889 -43.358875 0 0.26489878900638403 0.9407181176050068 5.894423942009427 5.430605479075365  130 3.577 128 3.577 148 1.873 110 1.873 149 4.037 111 4.037 147 4.037 109 4.037
130 -22.922889 -43.323946 0 0.06718865441279709 5.853540964152753 1.248728167484349 0.7384102064445853  131 3.577 129 3.577 149 1.873 111 1.873 150 4.037 112 4.037 148 4.037 110 4.037
131 -22.922889 -43.289018 0 0.048163166222589815 6.234512753382517 0.9771115403785934 4.220963131012353  132 3.577 130 3.577 150 1.873 112 1.873 151 4.037 113 4.037 149 4.037 111 4.037
132 -22.922889 -43.254089 0 0.5842704790630583 0.9563410751793656 5.667776732152525 10.290365721231582  133 3.577 131 3.577 151 1.873 113 1.873 152 4.037 114 4.037 150 4.037 112 4.037
133 -22.922889 -43.219161 0 0.5841511068562533 0.8159042232629939 5.807966147440643 10.317675766711337  134 3.411 132 3.577 152 1.872 114 1.873 153 3.910 115 3.759 151 4.037 113 4.037
134 -22.922943 -43.185847 0 0.9820007191534089 1.2278927182476516 4.2901164862226615 9.584867837906748  135 2.500 133 3.411 153 1.829 115 1.807 154 2.696 116 3.740 152 3.895 114 3.888
135 -22.915466 -43.162817 0 0.15902062215276533 0.0 0.0 0.07067973475033486  134 2.500 154 0.634 116 3.246 153 2.516 115 3.614
136 -22.906582 -43.775715 0 0.23397922105420482 5.870161662550784 0.0 0.958061914926809  137 3.342 155 1.427 117 1.724 156 4.019 118 3.801
137 -22.906046 -43.743089 0 5.550600621109325 1.4712637437976817 0.09646997186180703 1.16125049820869  138 3.577 136 3.342 156 1.817 118 1.873 157 4.038 119 4.037 155 2.915 117 3.777
138 -22.906046 -43.708160 0 1.334156030234456 3.6475083987318007 2.1310398765124394 1.1612504982084118  139 3.577 137 3.577 157 1.873 119 1.873 158 4.038 120 4.037 156 3.812 118 4.037
139 -22.906046 -43.673232 0 0.47972175761663693 2.6032313327871996 3.167504964879774 1.204044888936823  140 3.577 138 3.577 158 1.873 120 1.873 159 4.038 121 4.037 157 4.038 119 4.037
140 -22.906046 -43.638303 0 0.37902451311153623 5.244248429974821 1.4981571529985147 2.6194676075687435  141 3.577 139 3.577 159 1.873 121 1.873 160 4.038 122 4.037 158 4.038 120 4.037
141 -22.906046 -43.603375 0 0.3930156000210464 0.8905536887144941 5.665812182768415 4.875711879440093  142 3.577 140 3.577 160 1.873 122 1.873 161 4.038 123 4.037 159 4.038 121 4.037
142 -22.906046 -43.568446 0 1.207871165300327 0.33696613259072533 5.142803245256067 2.43354147052284  143 3.577 141 3.577 161 1.873 123 1.873 162 4.038 124 4.037 160 4.038 122 4.037
143 -22.906046 -43.533517 0 0.27856211834341577 2.4980496041970808 4.176016600041045 2.1790701050119567  144 3.577 142 3.577 162 1.873 124 1.873 163 4.038 125 4.037 161 4.038 123 4.037
144 -22.906046 -43.498589 0 0.0077808453572681706 6.564078129704485 0.49210740224813804 3.0167884134536926  145 3.577 143 3.577 163 1.873 125 1.873 164 4.038 126 4.037 162 4.038 124 4.037
145 -22.906046 -43.463660 0 0.007506979795229067 7.221783562162464 0.04494049378647429 4.432318988684981  146 3.577 144 3.577 164 1.873 126 1.873 165 4.038 127 4.037 163 4.038 125 4.037
146 -22.906046 -43.428732 0 0.042784611459576044 6.428498978614252 0.7816743030138407 3.680835542340109  147 3.577 145 3.577 165 1.873 127 1.873 166 4.038 128 4.037 164 4.038 126 4.037
147 -22.906046 -43.393803 0 0.22932989427545272 5.058839309893359 1.929234582094167 3.549868369541765  148 3.577 146 3.577 166 1.873 128 1.873 167 4.038 129 4.037 165 4.038 127 4.037
148 -22.906046 -43.358875 0 0.32147410176114394 3.599067041371102 3.238740653535593 5.579043141327848  149 3.577 147 3.577 167 1.873 129 1.873 168 4.038 130 4.037 166 4.038 128 4.037
149 -22.906046 -43.323946 0 0.10425615923889868 5.743126640227928 1.3655330344097574 4.3998740968946946  150 3.577 148 3.577 168 1.873 130 1.873 169 4.038 131 4.037 167 4.038 129 4.037
150 -22.906046 -43.289018 0 0.636184668722364 0.7809602688140292 5.818278356479012 10.02031791769854  151 3.577 149 3.577 169 1.873 131 1.873 170 4.038 132 4.037 168 4.038 130 4.037
151 -22.906046 -43.254089 0 0.7074163983775421 1.4186768702830543 5.134342569943464 11.049131187206815  152 3.577 150 3.577 170 1.873 132 1.873 171 3.584 133 4.037 169 4.038 131 4.037
152 -22.906047 -43.219162 0 3.3847707748737323 0.29623383555495325 3.4796542495537515 6.855226586337306  153 3.460 151 3.577 171 1.906 133 1.872 172 3.561 134 3.895 170 4.038 132 4.037
153 -22.906496 -43.185379 0 4.235156470818452 0.12595855781983392 2.2099765544634287 4.708456732301862  154 2.250 152 3.460 172 1.284 134 1.829 173 2.224 135 2.516 171 4.388 133 3.910
154 -22.909822 -43.163711 0 0.7266411849623662 0.0 0.0 0.4774026171243246  153 2.250 173 1.455 135 0.634 172 2.860 134 2.696
155 -22.895311 -43.769057 0 0.0 0.9932362985619049 0.0 0.15479878784936787  156 2.943 136 1.427 174 3.861 137 2.915
156 -22.889820 -43.740945 0 1.4602501192083455 4.096797136324401 0.24432979449408246 0.9901406689176465  157 3.359 155 2.943 174 1.353 137 1.817 175 3.985 138 3.812 136 4.019
157 -22.889202 -43.708160 0 0.1912564802587727 6.208305239317861 0.7996656379190983 1.1612504982084118  158 3.577 156 3.359 175 1.685 138 1.873 176 4.038 139 4.038 174 3.095 137 4.038
158 -22.889202 -43.673232 0 0.5138318098584848 4.431654318232257 1.7076194577507722 1.166141139661599  159 3.577 157 3.577 176 1.834 139 1.873 177 4.038 140 4.038 175 3.744 138 4.038
159 -22.889202 -43.638303 0 0.638564743526019 3.7583255162298537 2.0467660593203196 2.1363480897900553  160 3.577 158 3.577 177 1.873 140 1.873 178 4.038 141 4.038 176 4.002 139 4.038
160 -22.889202 -43.603375 0 0.24757938902629303 1.1122153292183863 5.386345333600017 3.4825053860058848  161 3.577 159 3.577 178 1.873 141 1.873 179 4.038 142 4.038 177 4.038 140 4.038
161 -22.889202 -43.568446 0 0.4628078270946207 0.5344397560105613 6.0638623075864535 1.856204129765018  162 3.577 160 3.577 179 1.873 142 1.873 180 4.038 143 4.038 178 4.038 141 4.038
162 -22.889202 -43.533517 0 0.4768120864260314 3.1693776690620443 3.2889723407736646 2.799177426756561  163 3.577 161 3.577 180 1.873 143 1.873 181 4.038 144 4.038 179 4.038 142 4.038
163 -22.889202 -43.498589 0 0.2001554642937024 3.533267486592024 3.350193271151097 3.846145537025464  164 3.577 162 3.577 181 1.873 144 1.873 182 4.038 145 4.038 180 4.038 143 4.038
164 -22.889202 -43.463660 0 0.3556006972361316 1.6637257780209949 5.185575784710899 5.177901658312707  165 3.577 163 3.577 182 1.873 145 1.873 183 4.038 146 4.038 181 4.038 144 4.038
165 -22.889202 -43.428732 0 0.1411083547062763 1.0146915520879831 5.9947374607588255 4.938014509290032  166 3.577 164 3.577 183 1.873 146 1.873 184 4.038 147 4.038 182 4.038 145 4.038
166 -22.889202 -43.393803 0 1.3470271763912405 3.3136279539068085 2.4726167562626555 1.3074963682618181  167 3.577 165 3.577 184 1.873 147 1.873 185 4.038 148 4.038 183 4.038 146 4.038
167 -22.889202 -43.358875 0 0.29994358746510896 1.3407710341880157 5.514633274128372 5.7840094134911455  168 3.577 166 3.577 185 1.873 148 1.873 186 4.038 149 4.038 184 4.038 147 4.038
168 -22.889202 -43.323946 0 0.7007719393999189 1.3429227940226272 5.211374986375452 6.588238688710316  169 3.577 167 3.577 186 1.873 149 1.873 187 4.038 150 4.038 185 4.038 148 4.038
169 -22.889202 -43.289018 0 0.9183071755656969 0.004139434043957476 6.256660622677657 10.709390019958878  170 3.577 168 3.577 187 1.873 150 1.873 188 4.038 151 4.038 186 4.038 149 4.038
170 -22.889202 -43.254089 0 2.290999084919314 0.1263708335039099 4.600700374937967 11.303693915448749  171 3.077 169 3.577 188 1.873 151 1.873 189 3.719 152 4.038 187 4.038 150 4.038
171 -22.889503 -43.224051 0 2.816830393529273 0.1280446044066294 2.1181861334109624 4.009944398518294  172 3.891 170 3.077 189 1.823 152 1.906 153 4.388 188 3.619 151 3.584
172 -22.894994 -43.186530 0 1.2271962614015561 0.006997327182710254 0.3352084210011933 1.3093987464859171  173 2.085 171 3.891 153 1.284 154 2.860 189 4.385 152 3.561
173 -22.896956 -43.166289 0 0.005962075350922276 0.0 0.0 0.0005604703042365465  172 2.085 154 1.455 153 2.224
174 -22.878517 -43.736059 0 0.13777768197912316 0.9159516601234955 0.1230436984648208 0.19463315477157492  175 3.123 156 1.353 157 3.095 155 3.861
175 -22.874181 -43.705940 0 0.09476972834729093 4.779088369102874 0.033531129041176985 0.8617766876463833  176 3.375 174 3.123 157 1.685 190 4.356 158 3.744 156 3.985
176 -22.872709 -43.673035 0 0.18073245570278784 5.725300875190661 0.6835012094122667 1.336311059172695  177 3.558 175 3.375 190 1.327 158 1.834 191 3.493 159 4.002 157 4.038
177 -22.872358 -43.638303 0 1.5652655290013051 3.415605987966527 1.5539647878612628 2.2256353272865534  178 3.578 176 3.558 191 1.303 159 1.873 192 4.476 160 4.038 190 2.925 158 4.038
178 -22.872358 -43.603375 0 0.752920464325654 4.905082662164044 1.0834131100670172 1.8814962066776364  179 3.578 177 3.578 192 1.603 160 1.873 193 4.039 161 4.038 191 4.094 159 4.038
179 -22.872358 -43.568446 0 1.08097184170172 1.242065929628713 4.527820315556704 1.8423761270079984  180 3.578 178 3.578 193 1.873 161 1.873 194 4.039 162 4.038 192 3.273 160 4.038
180 -22.872358 -43.533517 0 0.22114988430973356 2.6704687149593704 3.551919050444155 2.6387799377169388  181 3.578 179 3.578 194 1.873 162 1.873 195 4.039 163 4.038 193 4.039 161 4.038
181 -22.872358 -43.498589 0 0.2681468943227607 1.6700162151427642 5.113050135464488 3.9126210881434127  182 3.578 180 3.578 195 1.873 163 1.873 196 4.032 164 4.038 194 4.039 162 4.038
182 -22.872358 -43.463660 0 1.0861641039936065 0.04937458215354422 6.112392298247604 5.14214275465717  183 3.578 181 3.578 196 1.866 164 1.873 197 4.039 165 4.038 195 4.039 163 4.038
183 -22.872358 -43.428732 0 1.5178776406403323 0.02771601337343075 5.654589585606981 5.706798462405494  184 3.578 182 3.578 197 1.873 165 1.873 198 4.039 166 4.038 196 4.039 164 4.038
184 -22.872358 -43.393803 0 4.026657240660529 1.901023893154204 1.23790241499224 1.3553570499503151  185 3.578 183 3.578 198 1.873 166 1.873 199 4.039 167 4.038 197 4.039 165 4.038
185 -22.872358 -43.358875 0 0.7545852612146187 0.03548001963231359 6.484165754897234 8.741745343740604  186 3.578 184 3.578 199 1.873 167 1.873 200 4.039 168 4.038 198 4.039 166 4.038
186 -22.872358 -43.323946 0 0.8431514681426788 1.3272238247614263 4.979391783601803 7.415000427593644  187 3.578 185 3.578 200 1.873 168 1.873 201 4.039 169 4.038 199 4.039 167 4.038
187 -22.872358 -43.289018 0 1.3011366056021574 0.2818947704216721 5.580468571364915 9.088847570727648  188 3.578 186 3.578 201 1.873 169 1.873 202 3.989 170 4.038 200 4.039 168 4.038
188 -22.872358 -43.254089 0 2.4642714695565844 0.28902560596830457 4.347369583172313 10.676504021195882  189 3.267 187 3.578 202 1.864 170 1.873 203 3.177 171 3.619 201 4.039 169 4.038
189 -22.873196 -43.222209 0 3.0108198711652046 0.39620898491865963 1.1248370175523037 2.4815233443317695  188 3.267 203 1.790 171 1.823 172 4.385 202 3.851 170 3.719
190 -22.863271 -43.665100 0 0.0 0.09506828317533003 0.0 0.025454020686771543  191 2.442 176 1.327 177 2.925 175 4.356
191 -22.860994 -43.641392 0 0.0 1.7071731316841399 0.0 0.6630726861138537  192 4.550 190 2.442 177 1.303 204 5.868 178 4.094 176 3.493
192 -22.859181 -43.597020 0 0.6768559513246073 1.780951259767368 0.045777752033983134 0.6330068340813662  193 2.956 191 4.550 204 2.034 178 1.603 205 3.785 179 3.273 177 4.476
193 -22.855515 -43.568446 0 1.554302130106135 4.988835429956126 0.36312162091580974 1.8423761270079984  194 3.578 192 2.956 205 1.770 179 1.873 206 4.039 180 4.039 204 2.388 178 4.039
194 -22.855515 -43.533517 0 0.5403056722791717 2.9892088952718985 2.9137990089982595 2.0904324608870164  195 3.578 193 3.578 206 1.873 180 1.873 207 4.035 181 4.039 205 3.833 179 4.039
195 -22.855515 -43.498589 0 0.643861883939617 3.3360991577315735 3.0053792390842182 4.065585422895426  196 3.574 194 3.578 207 1.871 181 1.873 208 3.045 182 4.039 206 4.039 180 4.039
196 -22.855573 -43.463703 0 0.7509815453141605 1.6665622880137239 4.414671539667616 4.510839376088278  197 3.583 195 3.574 208 1.747 182 1.866 209 4.419 183 4.039 207 4.040 181 4.032
197 -22.855515 -43.428732 0 0.2786776124600045 5.562446566259546 1.2429938172347674 4.076654583198404  198 3.578 196 3.583 209 1.735 183 1.873 210 4.039 184 4.039 208 4.735 182 4.039
198 -22.855515 -43.393803 0 3.370693123528159 1.8209908024793087 1.5412361161584642 1.592172975117949  199 3.578 197 3.578 210 1.873 184 1.873 211 4.039 185 4.039 209 3.488 183 4.039
199 -22.855515 -43.358875 0 0.7588260559335215 0.03017450476161661 6.323499931632114 9.280253600528328  200 3.578 198 3.578 211 1.873 185 1.873 212 4.039 186 4.039 210 4.039 184 4.039
200 -22.855515 -43.323946 0 0.44438836687571576 0.9502691397239258 5.839419331666742 9.045423649849306  201 3.578 199 3.578 212 1.873 186 1.873 213 4.039 187 4.039 211 4.039 185 4.039
201 -22.855515 -43.289018 0 0.13057340100072118 2.9706636376582494 4.122695014360255 10.2009811998755  202 3.528 200 3.578 213 1.873 187 1.873 214 3.739 188 4.039 212 4.039 186 4.039
202 -22.855598 -43.254584 0 1.248110667742397 0.1410334147748348 5.628651184210299 12.126909084754367  203 2.797 201 3.528 214 1.782 188 1.864 215 2.933 189 3.851 213 3.998 187 3.989
203 -22.857822 -43.227385 0 1.2484652617445888 0.6952856123725849 0.29025098945935235 0.17584033990417688  202 2.797 215 1.792 189 1.790 216 5.757 214 3.626 188 3.177
204 -22.843133 -43.587496 0 0.0 0.33663740613884185 0.0 0.08430900745896885  205 2.161 192 2.034 217 3.603 193 2.388 191 5.868
205 -22.839672 -43.566741 0 0.03279991243414761 5.6862746619898585 0.3903367269794235 1.5740063695169024  206 3.406 204 2.161 217 1.613 193 1.770 218 3.961 194 3.833 192 3.785
206 -22.838671 -43.533517 0 0.02475942245685259 6.355134384037813 0.5861346633799127 2.2425841441699346  207 3.576 205 3.406 218 1.283 194 1.873 219 3.810 195 4.039 217 2.495 193 4.039
207 -22.838686 -43.498620 0 0.30955852757875163 6.43952783064973 0.4298753377555065 4.011078148082756  208 2.692 206 3.576 219 1.579 195 1.871 196 4.040 218 3.487 194 4.035
208 -22.842185 -43.472626 0 0.7636855255853522 0.6947855151985154 0.43545819463542534 0.6747635705588968  209 5.011 207 2.692 196 1.747 220 6.189 197 4.735 219 3.395 195 3.045
209 -22.840596 -43.423752 0 0.052920585006750384 3.6744541510422777 0.5969342764452931 2.2686383687659135  210 3.076 208 5.011 220 1.840 197 1.735 221 3.799 198 3.488 196 4.419
210 -22.838671 -43.393803 0 0.5540770291697547 1.8287314477398813 4.77366223529911 5.517725662648632  211 3.579 209 3.076 221 1.761 198 1.873 222 4.039 199 4.039 220 2.550 197 4.039
211 -22.838671 -43.358875 0 1.920472752175929 0.21198770100255743 4.977406651957761 8.285102481708334  212 3.579 210 3.579 222 1.873 199 1.873 223 4.039 200 4.039 221 3.822 198 4.039
212 -22.838671 -43.323946 0 1.4092311997359872 0.04606948400636526 5.649453870750564 9.470289550849822  213 3.579 211 3.579 223 1.873 200 1.873 224 4.039 201 4.039 222 4.039 199 4.039
213 -22.838671 -43.289018 0 0.5675441963580733 0.33857594261477986 6.336338491422581 8.99109781332534  214 3.302 212 3.579 224 1.873 201 1.873 225 4.342 202 3.998 223 4.039 200 4.039
214 -22.839700 -43.256813 0 2.319467132201986 0.36428730445130025 2.5639512962537103 6.992579141855873  215 2.746 213 3.302 225 2.115 202 1.782 226 4.213 203 3.626 224 3.852 201 3.739
215 -22.841902 -43.230122 0 0.43720637048452254 0.38345725119022395 0.13666325308557523 0.03143725983473261  216 5.408 214 2.746 226 2.764 203 1.792 227 5.324 225 3.121 202 2.933
216 -22.832570 -43.178326 0 0.10222070703882911 0.10242703635076028 0.0 0.05736136533446687  215 5.408 227 1.405 228 2.072 226 4.881 203 5.757
217 -22.829352 -43.555673 0 0.0 0.2304493483096335 0.000929074280812001 0.05875909291463091  218 2.597 205 1.613 206 2.495 204 3.603
218 -22.827489 -43.530409 0 0.00217455756843559 2.1656974678037457 0.000679318469656653 0.8352842714733535  219 3.169 217 2.597 206 1.283 207 3.487 205 3.961
219 -22.824517 -43.499655 0 0.0 4.350813779844544 0.0 2.4989187306109004  218 3.169 207 1.579 208 3.395 206 3.810
220 -22.826277 -43.414741 0 0.02749309442585611 0.003171753852290588 0.7238648850857318 0.7631056813271317  221 2.357 209 1.840 229 3.920 210 2.550 208 6.189
221 -22.822920 -43.392025 0 0.38290746143351145 0.2980238092421427 5.285500669818947 6.968037046380246  222 3.399 220 2.357 229 1.738 210 1.761 230 3.881 211 3.822 209 3.799
222 -22.821828 -43.358875 0 1.2283683148905746 0.3410489811987239 5.317774050427782 8.59161328563336  223 3.579 221 3.399 230 1.470 211 1.873 231 4.009 212 4.039 229 2.381 210 4.039
223 -22.821828 -43.323946 0 1.7046160514293027 0.4983110540308109 4.529356546610321 8.746915991908713  224 3.579 222 3.579 231 1.600 212 1.873 232 3.722 213 4.039 230 3.732 211 4.039
224 -22.821828 -43.289018 0 2.224697242503667 0.15143312616867968 4.79014461325833 8.322797018217361  225 3.898 223 3.579 232 1.396 213 1.873 233 4.444 214 3.852 231 3.830 212 4.039
225 -22.821448 -43.250982 0 4.049381042442119 0.5741755593121889 0.25552553995882177 1.5104412765505415  226 2.874 224 3.898 233 1.768 214 2.115 234 3.740 215 3.121 232 4.244 213 4.342
226 -22.817871 -43.223208 0 0.8520550681618858 0.5732803403469805 1.5516350371276793 0.8103462329778773  227 4.087 225 2.874 234 1.492 215 2.764 235 3.807 216 4.881 233 3.008 214 4.213
227 -22.820849 -43.183459 0 0.6597474141798936 1.380903934254673 2.184181600906624 3.1649146243179715  228 1.957 226 4.087 235 1.872 216 1.405 236 2.330 234 4.062 215 5.324
228 -22.818995 -43.164468 0 0.14345173140669662 0.0037187082960045245 0.0 0.038422805949104986  227 1.957 236 0.790 237 5.260 235 2.960 216 2.072
229 -22.812237 -43.379650 0 0.04192108260609536 0.0 0.16571151630780637 0.22125464934811517  230 2.309 221 1.738 222 2.381 220 3.920
230 -22.808669 -43.357454 0 1.201539478755415 0.11525799052454017 2.404176550077208 4.092023999350644  231 3.535 229 2.309 222 1.470 223 3.732 221 3.881
231 -22.807468 -43.322986 0 1.3884020133433792 0.12440629139547997 3.3147652634545643 5.475570905807085  232 3.361 230 3.535 223 1.600 224 3.830 222 4.009
232 -22.809321 -43.290253 0 1.3545458203355856 0.8504197157396013 0.7741409315301361 3.1930188626935414  233 4.209 231 3.361 224 1.396 238 5.176 225 4.244 223 3.722
233 -22.805616 -43.249377 0 2.5979633195561025 1.7532821698458156 0.1400308209069286 0.5768632077823462  234 3.098 232 4.209 238 1.451 225 1.768 239 3.202 226 3.008 224 4.444
234 -22.804984 -43.219161 0 1.5200779036972125 2.8805242569171434 2.590194499917258 3.494034578626279  235 3.103 233 3.098 239 1.493 226 1.492 240 4.424 227 4.062 238 2.673 225 3.740
235 -22.804771 -43.188881 0 0.3521686194908908 0.17502182647401146 4.773057271578293 6.694929389237641  236 2.791 234 3.103 240 1.962 227 1.872 241 3.593 228 2.960 239 3.684 226 3.807
236 -22.812051 -43.162821 0 0.08261831963705374 0.0045144380389804525 0.0 0.028169012735689985  237 4.868 235 2.791 241 3.036 228 0.790 242 6.108 240 3.038 227 2.330
237 -22.801851 -43.116625 0 0.07239151015364544 0.0930144419153396 0.0 0.014548904211989986  236 4.868 242 1.420 241 4.960 228 5.260
238 -22.794215 -43.242482 0 0.009172730572853215 0.7267202147161729 0.0 0.08183085572324737  239 2.120 233 1.451 234 2.673 232 5.176
239 -22.791803 -43.221963 0 1.2143580495440238 1.4341567219469207 0.33237938880438855 0.7601115061150333  240 4.367 238 2.120 234 1.493 243 5.268 235 3.684 233 3.202
240 -22.789418 -43.179435 0 0.7488811720154185 0.7496681946638346 2.460864343826808 5.991799174027656  241 1.925 239 4.367 243 1.557 235 1.962 244 2.644 236 3.038 234 4.424
241 -22.784780 -43.161338 0 0.4000564857453395 0.7177770477961795 0.16649060225558326 1.9206831533969795  242 5.628 240 1.925 244 1.073 236 3.036 245 5.824 237 4.960 243 1.524 235 3.593
242 -22.792592 -43.107088 0 0.0 0.056391877699131135 0.0 0.004767718466505854  241 5.628 245 2.904 237 1.420 244 5.604 236 6.108
243 -22.776616 -43.173284 0 0.05171217882036091 0.10925248244135702 0.0 0.2022760897459097  244 1.518 240 1.557 241 1.524 239 5.268
244 -22.775490 -43.158522 0 0.179783243482888 0.40673406031421705 0.0 0.7431960966712119  245 5.265 243 1.518 241 1.073 246 5.361 242 5.604 240 2.644
245 -22.766492 -43.108103 0 0.0672605380292215 0.20537339870889573 0.2930856442986392 0.08508250250033127  244 5.265 246 1.349 242 2.904 241 5.824
246 -22.754728 -43.111324 0 0.08801871570835121 0.5334427504448571 0.3999853710852798 0.1540173382456536  245 1.349 244 5.361
END