0.292083
0 0 0.690377
0 1 0.723982
0 2 0.683258
0 3 0.712963
0 4 0.712871
0 5 0.769231
0 6 0.685393
0 7 0.725275
0 8 0.730994
0 9 0.766423
0 10 0.717391
0 11 0.721739
0 12 0.724771
0 13 0.754237
0 14 0.71875
0 15 0.767677
0 16 0.623762
0 17 0.472527
0 18 0.27619
0 19 0.295652
0 20 0.254658
0 21 0.285714
0 22 0.253012
0 23 0.242188
0 24 0.295139
0 25 0.258182
0 26 0.244648
0 27 0.253918
0 28 0.27476
0 29 0.300319
0 30 0.354515
0 31 0.329966
0 32 0.391144
0 33 0.365759
0 34 0.446097
0 35 0.394928
0 36 0.414815
0 37 0.441606
0 38 0.426621
0 39 0.456522
0 40 0.520295
0 41 0.446429
0 42 0.521277
0 43 0.552817
0 44 0.596078
0 45 0.582143
0 46 0.587302
0 47 0.573705
0 48 0.631579
0 49 0.613333
0 50 0.57561
0 51 0.636842
0 52 0.582888
0 53 0.602094
0 54 0.517442
0 55 0.564103
0 56 0.506849
0 57 0.630769
0 58 0.481818
0 59 0.535088
0 60 0.415929
0 61 0.564356
0 62 0.438776
0 63 0.58427
0 64 0.321839
0 65 0.421053
0 66 0.276119
0 67 0.378788
0 68 0.264151
0 69 0.295302
0 70 0.283784
0 71 0.258929
0 72 0.300353
0 73 0.300366
0 74 0.292683
0 75 0.283465
0 76 0.334532
0 77 0.304217
0 78 0.354478
0 79 0.380435
0 80 0.373585
0 81 0.341379
0 82 0.416961
0 83 0.406475
0 84 0.445183
0 85 0.386719
0 86 0.482072
0 87 0.505703
0 88 0.543933
0 89 0.512111
0 90 0.579151
0 91 0.561837
0 92 0.6
0 93 0.638554
0 94 0.581481
0 95 0.549763
0 96 0.556911
0 97 0.60262
0 98 0.60804
0 99 0.547739
0 100 0.604278
0 101 0.475
0 102 0.535032
0 103 0.502959
0 104 0.569343
0 105 0.423077
0 106 0.484848
0 107 0.547619
0 108 0.465116
0 109 0.505051
0 110 0.484848
0 111 0.627451
0 112 0.45
0 113 0.45
0 114 0.307692
0 115 0.277372
0 116 0.333333
0 117 0.320513
0 118 0.293194
0 119 0.369668
0 120 0.321429
0 121 0.271654
0 122 0.228814
0 123 0.262548
0 124 0.354386
0 125 0.272374
0 126 0.353659
0 127 0.349091
0 128 0.389091
0 129 0.4375
0 130 0.477612
0 131 0.494118
0 132 0.434457
0 133 0.479167
0 134 0.552941
0 135 0.433628
0 136 0.531496
0 137 0.549407
0 138 0.606178
0 139 0.584615
0 140 0.662879
0 141 0.710938
0 142 0.68
0 143 0.727749
0 144 0.583333
0 145 0.698864
0 146 0.662983
0 147 0.636364
0 148 0.596026
0 149 0.616883
0 150 0.578947
0 151 0.601695
0 152 0.656934
0 153 0.608
0 154 0.609524
0 155 0.62963
0 156 0.53125
0 157 0.61039
0 158 0.54878
0 159 0.67
0 160 0.44898
0 161 0.5
0 162 0.274336
0 163 0.243902
0 164 0.237838
0 165 0.254808
0 166 0.258824
0 167 0.258065
0 168 0.240418
0 169 0.226974
0 170 0.211838
0 171 0.211594
0 172 0.236422
0 173 0.310627
0 174 0.325503
0 175 0.346386
0 176 0.36646
0 177 0.360119
0 178 0.357377
0 179 0.435435
0 180 0.411576
0 181 0.435714
0 182 0.479167
0 183 0.379928
0 184 0.465517
0 185 0.495413
0 186 0.511945
0 187 0.523511
0 188 0.572491
0 189 0.65
0 190 0.576923
0 191 0.6
0 192 0.539749
0 193 0.610656
0 194 0.601942
0 195 0.618497
0 196 0.638191
0 197 0.678571
0 198 0.676259
0 199 0.64539
0 200 0.604478
0 201 0.660194
0 202 0.696078
0 203 0.670103
0 204 0.589474
0 205 0.59
0 206 0.66
0 207 0.663265
0 208 0.52381
0 209 0.453704
0 210 0.309735
0 211 0.291339
0 212 0.248447
0 213 0.255
0 214 0.313084
0 215 0.256522
0 216 0.197917
0 217 0.207921
0 218 0.238908
0 219 0.199313
0 220 0.270096
0 221 0.322034
0 222 0.36
0 223 0.346021
0 224 0.333333
0 225 0.334572
0 226 0.501792
0 227 0.4
0 228 0.446494
0 229 0.421642
0 230 0.487805
0 231 0.404332
0 232 0.524
0 233 0.509225
0 234 0.553903
0 235 0.563218
0 236 0.621908
0 237 0.625
0 238 0.559184
0 239 0.646809
0 240 0.647303
0 241 0.648069
0 242 0.638393
0 243 0.659459
0 244 0.630769
0 245 0.679144
0 246 0.672515
0 247 0.654088
0 248 0.677019
0 249 0.679389
0 250 0.748031
0 251 0.728682
0 252 0.752066
0 253 0.808081
0 254 0.711712
0 255 0.752066
0 256 0.678899
0 257 0.638095
0 258 0.421053
0 259 0.29
0 260 0.308219
0 261 0.22335
0 262 0.254808
0 263 0.223629
0 264 0.254417
0 265 0.233962
0 266 0.235294
0 267 0.251908
0 268 0.315615
0 269 0.262295
0 270 0.361111
0 271 0.341637
0 272 0.416058
0 273 0.429508
0 274 0.409091
0 275 0.452
0 276 0.460317
0 277 0.425287
0 278 0.415385
0 279 0.466135
0 280 0.5
0 281 0.586207
0 282 0.508475
0 283 0.600733
0 284 0.609524
0 285 0.635452
0 286 0.631034
0 287 0.616883
0 288 0.590406
0 289 0.610909
0 290 0.681818
0 291 0.626087
0 292 0.72973
0 293 0.688889
0 294 0.621622
0 295 0.739884
0 296 0.664894
0 297 0.729412
0 298 0.651899
0 299 0.719424
0 300 0.777778
0 301 0.791946
0 302 0.738462
0 303 0.809524
0 304 0.634146
0 305 0.527559
0 306 0.468254
0 307 0.282443
0 308 0.295858
0 309 0.267016
0 310 0.275
0 311 0.264069
0 312 0.220149
0 313 0.226481
0 314 0.219608
0 315 0.23741
0 316 0.273381
0 317 0.250836
0 318 0.326613
0 319 0.369963
0 320 0.3663
0 321 0.371429
0 322 0.41129
0 323 0.480769
0 324 0.514925
0 325 0.497992
0 326 0.572093
0 327 0.497925
0 328 0.490975
0 329 0.503876
0 330 0.560554
0 331 0.643333
0 332 0.628788
0 333 0.679181
0 334 0.696498
0 335 0.666667
1 0 0.131206
1 1 0.143443
1 2 0.162698
1 3 0.153509
1 4 0.125
1 5 0.129032
1 6 0.141304
1 7 0.166667
1 8 0.170732
1 9 0.167883
1 10 0.181034
1 11 0.177419
1 12 0.126214
1 13 0.205882
1 14 0.202128
1 15 0.278481
1 16 0.166667
1 17 0.135338
1 18 0.0714286
1 19 0.0801887
1 20 0.0846774
1 21 0.0793651
1 22 0.0758427
1 23 0.0974212
1 24 0.0753247
1 25 0.0963303
1 26 0.0912951
1 27 0.0779221
1 28 0.0902935
1 29 0.0806452
1 30 0.104294
1 31 0.08933
1 32 0.119159
1 33 0.133621
1 34 0.144414
1 35 0.148485
1 36 0.141618
1 37 0.174847
1 38 0.176301
1 39 0.11746
1 40 0.156593
1 41 0.16474
1 42 0.25817
1 43 0.224299
1 44 0.179153
1 45 0.185065
1 46 0.203252
1 47 0.238462
1 48 0.172269
1 49 0.204167
1 50 0.197044
1 51 0.175115
1 52 0.210526
1 53 0.210526
1 54 0.189655
1 55 0.176829
1 56 0.150838
1 57 0.177305
1 58 0.15493
1 59 0.144
1 60 0.189189
1 61 0.149606
1 62 0.171429
1 63 0.115789
1 64 0.207407
1 65 0.175676
1 66 0.0930233
1 67 0.0752688
1 68 0.0504202
1 69 0.0850202
1 70 0.0830565
1 71 0.0726257
1 72 0.0824742
1 73 0.076555
1 74 0.0653595
1 75 0.0577689
1 76 0.0554273
1 77 0.078125
1 78 0.0840909
1 79 0.0992908
1 80 0.0943396
1 81 0.134518
1 82 0.102902
1 83 0.125
1 84 0.107239
1 85 0.113703
1 86 0.139535
1 87 0.141711
1 88 0.141975
1 89 0.159269
1 90 0.201893
1 91 0.180645
1 92 0.188889
1 93 0.202797
1 94 0.2
1 95 0.18251
1 96 0.152
1 97 0.164659
1 98 0.190678
1 99 0.135021
1 100 0.169903
1 101 0.171674
1 102 0.144231
1 103 0.183432
1 104 0.134715
1 105 0.116402
1 106 0.111702
1 107 0.154321
1 108 0.0909091
1 109 0.136691
1 110 0.170732
1 111 0.2
1 112 0.128713
1 113 0.147887
1 114 0.0492958
1 115 0.0718232
1 116 0.0904977
1 117 0.0645161
1 118 0.0856164
1 119 0.12709
1 120 0.0572289
1 121 0.109375
1 122 0.0679348
1 123 0.0771144
1 124 0.117816
1 125 0.0852273
1 126 0.0943953
1 127 0.139535
1 128 0.113497
1 129 0.123077
1 130 0.137124
1 131 0.192926
1 132 0.176871
1 133 0.157233
1 134 0.128814
1 135 0.179153
1 136 0.162712
1 137 0.152778
1 138 0.242525
1 139 0.238095
1 140 0.225564
1 141 0.229167
1 142 0.230769
1 143 0.19305
1 144 0.216418
1 145 0.211155
1 146 0.259124
1 147 0.183099
1 148 0.184834
1 149 0.23445
1 150 0.135678
1 151 0.248521
1 152 0.181818
1 153 0.245399
1 154 0.296875
1 155 0.27193
1 156 0.205479
1 157 0.17757
1 158 0.146789
1 159 0.272727
1 160 0.153153
1 161 0.172662
1 162 0.0820513
1 163 0.0413534
1 164 0.03663
1 165 0.0433437
1 166 0.0620347
1 167 0.079646
1 168 0.0751566
1 169 0.0479303
1 170 0.0522876
1 171 0.0618375
1 172 0.0670611
1 173 0.0665399
1 174 0.107991
1 175 0.063981
1 176 0.0776256
1 177 0.104255
1 178 0.100796
1 179 0.15748
1 180 0.150273
1 181 0.104712
1 182 0.1067
1 183 0.0969529
1 184 0.126722
1 185 0.143603
1 186 0.132931
1 187 0.178571
1 188 0.175719
1 189 0.173913
1 190 0.162162
1 191 0.17004
1 192 0.115942
1 193 0.15678
1 194 0.175097
1 195 0.154506
1 196 0.162162
1 197 0.180905
1 198 0.167832
1 199 0.140127
1 200 0.188525
1 201 0.223022
1 202 0.234043
1 203 0.216981
1 204 0.214286
1 205 0.175824
1 206 0.263158
1 207 0.329268
1 208 0.148148
1 209 0.128205
1 210 0.0484848
1 211 0.0424528
1 212 0.0890688
1 213 0.0569395
1 214 0.074184
1 215 0.0739796
1 216 0.0665083
1 217 0.0881057
1 218 0.0589569
1 219 0.0666667
1 220 0.0792952
1 221 0.0901288
1 222 0.0954654
1 223 0.0915842
1 224 0.121655
1 225 0.112941
1 226 0.134048
1 227 0.0888252
1 228 0.140351
1 229 0.194268
1 230 0.139942
1 231 0.161473
1 232 0.129794
1 233 0.165584
1 234 0.165644
1 235 0.204023
1 236 0.151862
1 237 0.144444
1 238 0.2263
1 239 0.168831
1 240 0.18323
1 241 0.163934
1 242 0.19708
1 243 0.202479
1 244 0.138776
1 245 0.221719
1 246 0.211712
1 247 0.162011
1 248 0.237288
1 249 0.290323
1 250 0.275
1 251 0.317829
1 252 0.293578
1 253 0.27619
1 254 0.264957
1 255 0.295238
1 256 0.211864
1 257 0.135714
1 258 0.0529412
1 259 0.0608696
1 260 0.0571429
1 261 0.0625
1 262 0.0492754
1 263 0.0679612
1 264 0.0526316
1 265 0.0736607
1 266 0.0653061
1 267 0.0608365
1 268 0.0899123
1 269 0.106667
1 270 0.1
1 271 0.104116
1 272 0.129534
1 273 0.116456
1 274 0.151934
1 275 0.154494
1 276 0.169014
1 277 0.134078
1 278 0.144772
1 279 0.116022
1 280 0.178191
1 281 0.133136
1 282 0.152381
1 283 0.139159
1 284 0.157729
1 285 0.214545
1 286 0.23588
1 287 0.1673
1 288 0.227273
1 289 0.193103
1 290 0.221277
1 291 0.280488
1 292 0.193694
1 293 0.210526
1 294 0.291209
1 295 0.271429
1 296 0.260563
1 297 0.28655
1 298 0.277372
1 299 0.273585
1 300 0.217742
1 301 0.330357
1 302 0.277778
1 303 0.294118
1 304 0.222222
1 305 0.228814
1 306 0.0675676
1 307 0.0641711
1 308 0.063197
1 309 0.0801527
1 310 0.0788732
1 311 0.062069
1 312 0.0663391
1 313 0.0952381
1 314 0.0623557
1 315 0.0572687
1 316 0.0786802
1 317 0.0839161
1 318 0.0879121
1 319 0.0911458
1 320 0.112637
1 321 0.0966057
1 322 0.156695
1 323 0.190083
1 324 0.143631
1 325 0.160256
1 326 0.140762
1 327 0.146853
1 328 0.172727
1 329 0.199301
1 330 0.22082
1 331 0.177215
1 332 0.133333
1 333 0.179811
1 334 0.14841
1 335 0.146953
2 0 0.423773
2 1 0.427536
2 2 0.397403
2 3 0.459941
2 4 0.424342
2 5 0.440141
2 6 0.482072
2 7 0.48062
2 8 0.405858
2 9 0.383085
2 10 0.440191
2 11 0.339181
2 12 0.390244
2 13 0.426136
2 14 0.4
2 15 0.442029
2 16 0.296875
2 17 0.324444
2 18 0.230159
2 19 0.240741
2 20 0.219718
2 21 0.197248
2 22 0.216535
2 23 0.227941
2 24 0.241993
2 25 0.206376
2 26 0.252159
2 27 0.221538
2 28 0.251543
2 29 0.259442
2 30 0.272441
2 31 0.283721
2 32 0.2978
2 33 0.27883
2 34 0.333333
2 35 0.375207
2 36 0.309381
2 37 0.355641
2 38 0.360308
2 39 0.293413
2 40 0.393075
2 41 0.359615
2 42 0.400802
2 43 0.367041
2 44 0.379464
2 45 0.407332
2 46 0.405467
2 47 0.42562
2 48 0.420048
2 49 0.41958
2 50 0.428571
2 51 0.410811
2 52 0.461318
2 53 0.415873
2 54 0.332075
2 55 0.326007
2 56 0.352679
2 57 0.323887
2 58 0.348571
2 59 0.323864
2 60 0.315
2 61 0.275676
2 62 0.235602
2 63 0.308108
2 64 0.276042
2 65 0.292035
2 66 0.243028
2 67 0.235484
2 68 0.205128
2 69 0.215385
2 70 0.208531
2 71 0.251037
2 72 0.183556
2 73 0.184015
2 74 0.232925
2 75 0.20678
2 76 0.237261
2 77 0.235507
2 78 0.263158
2 79 0.221223
2 80 0.270764
2 81 0.280374
2 82 0.296748
2 83 0.354906
2 84 0.304802
2 85 0.289206
2 86 0.325048
2 87 0.334012
2 88 0.376218
2 89 0.356195
2 90 0.378049
2 91 0.38189
2 92 0.335766
2 93 0.417154
2 94 0.398833
2 95 0.40678
2 96 0.412048
2 97 0.390456
2 98 0.435374
2 99 0.406863
2 100 0.404494
2 101 0.406824
2 102 0.391167
2 103 0.347432
2 104 0.330882
2 105 0.336032
2 106 0.343874
2 107 0.277108
2 108 0.283105
2 109 0.290909
2 110 0.241379
2 111 0.279279
2 112 0.267606
2 113 0.3
2 114 0.217228
2 115 0.20202
2 116 0.222826
2 117 0.205882
2 118 0.251185
2 119 0.213823
2 120 0.231969
2 121 0.246479
2 122 0.279152
2 123 0.200642
2 124 0.276083
2 125 0.2512
2 126 0.272085
2 127 0.270833
2 128 0.276896
2 129 0.284946
2 130 0.350674
2 131 0.328
2 132 0.318548
2 133 0.315369
2 134 0.342052
2 135 0.344689
2 136 0.377953
2 137 0.374245
2 138 0.410714
2 139 0.369983
2 140 0.360656
2 141 0.35098
2 142 0.392625
2 143 0.39821
2 144 0.371429
2 145 0.388614
2 146 0.341404
2 147 0.37381
2 148 0.374317
2 149 0.366667
2 150 0.291667
2 151 0.407407
2 152 0.369963
2 153 0.367713
2 154 0.354067
2 155 0.328283
2 156 0.316327
2 157 0.328859
2 158 0.402597
2 159 0.301775
2 160 0.26455
2 161 0.269912
2 162 0.253378
2 163 0.212903
2 164 0.200472
2 165 0.163311
2 166 0.186667
2 167 0.187726
2 168 0.182421
2 169 0.202786
2 170 0.173516
2 171 0.186441
2 172 0.186306
2 173 0.245552
2 174 0.244556
2 175 0.257282
2 176 0.207815
2 177 0.240367
2 178 0.275459
2 179 0.29078
2 180 0.297391
2 181 0.293249
2 182 0.309771
2 183 0.346311
2 184 0.335512
2 185 0.359918
2 186 0.376812
2 187 0.386408
2 188 0.378428
2 189 0.390977
2 190 0.430804
2 191 0.393548
2 192 0.411348
2 193 0.386574
2 194 0.427793
2 195 0.435696
2 196 0.457516
2 197 0.440476
2 198 0.44664
2 199 0.448276
2 200 0.487179
2 201 0.451777
2 202 0.465969
2 203 0.385542
2 204 0.391304
2 205 0.432624
2 206 0.39521
2 207 0.395683
2 208 0.27044
2 209 0.276699
2 210 0.242678
2 211 0.201835
2 212 0.155496
2 213 0.18599
2 214 0.186517
2 215 0.183442
2 216 0.184483
2 217 0.20509
2 218 0.173848
2 219 0.211268
2 220 0.205397
2 221 0.213353
2 222 0.237578
2 223 0.24247
2 224 0.256757
2 225 0.255068
2 226 0.290614
2 227 0.310526
2 228 0.326296
2 229 0.306738
2 230 0.273743
2 231 0.300766
2 232 0.337687
2 233 0.310536
2 234 0.320866
2 235 0.326214
2 236 0.356077
2 237 0.367483
2 238 0.402273
2 239 0.435666
2 240 0.461929
2 241 0.42602
2 242 0.467456
2 243 0.459384
2 244 0.451613
2 245 0.532646
2 246 0.491736
2 247 0.558559
2 248 0.502347
2 249 0.446927
2 250 0.525
2 251 0.557895
2 252 0.529412
2 253 0.477124
2 254 0.516779
2 255 0.477419
2 256 0.42623
2 257 0.364078
2 258 0.2607
2 259 0.271028
2 260 0.20178
2 261 0.215686
2 262 0.200913
2 263 0.176692
2 264 0.223614
2 265 0.169628
2 266 0.209493
2 267 0.21875
2 268 0.227554
2 269 0.222222
2 270 0.224458
2 271 0.274611
2 272 0.255418
2 273 0.294408
2 274 0.322526
2 275 0.318095
2 276 0.321012
2 277 0.360396
2 278 0.365234
2 279 0.310139
2 280 0.337182
2 281 0.351145
2 282 0.354902
2 283 0.410309
2 284 0.397089
2 285 0.386161
2 286 0.381944
2 287 0.434466
2 288 0.40458
2 289 0.448276
2 290 0.449857
2 291 0.457064
2 292 0.525253
2 293 0.545171
2 294 0.510791
2 295 0.538153
2 296 0.508065
2 297 0.525253
2 298 0.484694
2 299 0.521505
2 300 0.463415
2 301 0.549223
2 302 0.535135
2 303 0.393548
2 304 0.340782
2 305 0.360976
2 306 0.254753
2 307 0.245455
2 308 0.198413
2 309 0.164414
2 310 0.141717
2 311 0.151575
2 312 0.159794
2 313 0.148325
2 314 0.158133
2 315 0.157377
2 316 0.16208
2 317 0.185944
2 318 0.205882
2 319 0.222734
2 320 0.198582
2 321 0.219858
2 322 0.27955
2 323 0.267327
2 324 0.280612
2 325 0.275547
2 326 0.278505
2 327 0.305085
2 328 0.30083
2 329 0.32008
2 330 0.333973
2 331 0.359918
2 332 0.381139
2 333 0.349576
2 334 0.394619
2 335 0.402174
