0.281869
0 0 0.700431
0 1 0.706019
0 2 0.728723
0 3 0.699725
0 4 0.732484
0 5 0.692015
0 6 0.714894
0 7 0.739796
0 8 0.527363
0 9 0.28
0 10 0.256614
0 11 0.243191
0 12 0.271777
0 13 0.242836
0 14 0.282132
0 15 0.338308
0 16 0.37037
0 17 0.40966
0 18 0.42674
0 19 0.43152
0 20 0.472469
0 21 0.525952
0 22 0.57377
0 23 0.572549
0 24 0.616352
0 25 0.58867
0 26 0.587927
0 27 0.526786
0 28 0.551237
0 29 0.506667
0 30 0.477064
0 31 0.5
0 32 0.363636
0 33 0.321033
0 34 0.27044
0 35 0.267108
0 36 0.291449
0 37 0.289963
0 38 0.311897
0 39 0.352113
0 40 0.34676
0 41 0.401042
0 42 0.416816
0 43 0.48381
0 44 0.514815
0 45 0.568015
0 46 0.608108
0 47 0.553753
0 48 0.577731
0 49 0.572139
0 50 0.544669
0 51 0.507508
0 52 0.483636
0 53 0.505703
0 54 0.47619
0 55 0.546341
0 56 0.445946
0 57 0.282258
0 58 0.319079
0 59 0.325243
0 60 0.287169
0 61 0.242545
0 62 0.305357
0 63 0.337638
0 64 0.398907
0 65 0.47037
0 66 0.443378
0 67 0.484787
0 68 0.529981
0 69 0.59309
0 70 0.66729
0 71 0.690307
0 72 0.628571
0 73 0.640884
0 74 0.596774
0 75 0.582418
0 76 0.633588
0 77 0.616822
0 78 0.56
0 79 0.605405
0 80 0.47619
0 81 0.25
0 82 0.240099
0 83 0.249573
0 84 0.224756
0 85 0.208272
0 86 0.265912
0 87 0.339744
0 88 0.354599
0 89 0.388379
0 90 0.413223
0 91 0.431858
0 92 0.476726
0 93 0.509646
0 94 0.603738
0 95 0.581028
0 96 0.566191
0 97 0.604712
0 98 0.642667
0 99 0.65371
0 100 0.610656
0 101 0.669951
0 102 0.575
0 103 0.651741
0 104 0.467337
0 105 0.290323
0 106 0.245283
0 107 0.271552
0 108 0.203735
0 109 0.214765
0 110 0.293924
0 111 0.344291
0 112 0.324324
0 113 0.442907
0 114 0.424682
0 115 0.449198
0 116 0.499072
0 117 0.553271
0 118 0.620141
0 119 0.602083
0 120 0.63039
0 121 0.640097
0 122 0.649351
0 123 0.659639
0 124 0.673469
0 125 0.724138
0 126 0.777273
0 127 0.720339
0 128 0.658879
0 129 0.345
0 130 0.255014
0 131 0.234513
0 132 0.243636
0 133 0.242754
0 134 0.287829
0 135 0.34965
0 136 0.409699
0 137 0.425139
0 138 0.43738
0 139 0.433526
0 140 0.531835
0 141 0.548951
0 142 0.612179
0 143 0.608483
0 144 0.594203
0 145 0.644135
0 146 0.704444
0 147 0.658537
0 148 0.68595
0 149 0.667763
0 150 0.774411
0 151 0.765125
0 152 0.570866
0 153 0.373541
0 154 0.272973
0 155 0.263039
0 156 0.21831
0 157 0.219424
0 158 0.254637
0 159 0.345351
0 160 0.368015
0 161 0.439922
0 162 0.495274
0 163 0.525974
0 164 0.491682
0 165 0.592654
0 166 0.636998
0 167 0.672691
1 0 0.130909
1 1 0.148728
1 2 0.122494
1 3 0.146739
1 4 0.160377
1 5 0.16996
1 6 0.159624
1 7 0.230337
1 8 0.143411
1 9 0.0733496
1 10 0.0789022
1 11 0.0833333
1 12 0.0831382
1 13 0.0797175
1 14 0.0824176
1 15 0.0936491
1 16 0.121505
1 17 0.139344
1 18 0.152299
1 19 0.141414
1 20 0.155102
1 21 0.233385
1 22 0.175549
1 23 0.216216
1 24 0.174081
1 25 0.180974
1 26 0.205128
1 27 0.176638
1 28 0.16
1 29 0.141343
1 30 0.159322
1 31 0.140097
1 32 0.186851
1 33 0.0773196
1 34 0.0661323
1 35 0.074344
1 36 0.0755608
1 37 0.0584737
1 38 0.0638528
1 39 0.0870044
1 40 0.110059
1 41 0.108434
1 42 0.106757
1 43 0.133775
1 44 0.142477
1 45 0.180995
1 46 0.18569
1 47 0.186004
1 48 0.154599
1 49 0.152174
1 50 0.163399
1 51 0.151741
1 52 0.120603
1 53 0.128134
1 54 0.111111
1 55 0.181818
1 56 0.134921
1 57 0.0581395
1 58 0.0734694
1 59 0.1008
1 60 0.0804769
1 61 0.0690506
1 62 0.0958165
1 63 0.112676
1 64 0.113069
1 65 0.153963
1 66 0.157895
1 67 0.149518
1 68 0.151067
1 69 0.229904
1 70 0.211409
1 71 0.207679
1 72 0.205176
1 73 0.216535
1 74 0.196868
1 75 0.176471
1 76 0.202985
1 77 0.277108
1 78 0.189922
1 79 0.205021
1 80 0.160156
1 81 0.0541082
1 82 0.0383387
1 83 0.0667396
1 84 0.0586451
1 85 0.0552434
1 86 0.064186
1 87 0.0814815
1 88 0.086911
1 89 0.123581
1 90 0.121173
1 91 0.0965347
1 92 0.128173
1 93 0.145333
1 94 0.167975
1 95 0.161871
1 96 0.127542
1 97 0.161677
1 98 0.157895
1 99 0.144201
1 100 0.200743
1 101 0.214286
1 102 0.189744
1 103 0.284153
1 104 0.131915
1 105 0.0427136
1 106 0.0681004
1 107 0.0719041
1 108 0.0742358
1 109 0.0603175
1 110 0.081761
1 111 0.0887097
1 112 0.11149
1 113 0.106021
1 114 0.162202
1 115 0.144429
1 116 0.14158
1 117 0.176305
1 118 0.139257
1 119 0.184211
1 120 0.163174
1 121 0.188991
1 122 0.167339
1 123 0.179245
1 124 0.247159
1 125 0.289062
1 126 0.268722
1 127 0.264957
1 128 0.15942
1 129 0.0546318
1 130 0.0564972
1 131 0.05625
1 132 0.0607676
1 133 0.0590951
1 134 0.0934874
1 135 0.096882
1 136 0.118227
1 137 0.147256
1 138 0.144772
1 139 0.124514
1 140 0.147563
1 141 0.140216
1 142 0.173016
1 143 0.197935
1 144 0.199313
1 145 0.243952
1 146 0.195279
1 147 0.275689
1 148 0.261398
1 149 0.2607
1 150 0.26556
1 151 0.275
1 152 0.214912
1 153 0.0625
1 154 0.070632
1 155 0.0673499
1 156 0.077381
1 157 0.0574837
1 158 0.079857
1 159 0.0862291
1 160 0.0984848
1 161 0.167794
1 162 0.143454
1 163 0.138249
1 164 0.178683
1 165 0.192073
1 166 0.154742
1 167 0.14044
2 0 0.413835
2 1 0.411765
2 2 0.417763
2 3 0.460526
2 4 0.382418
2 5 0.380711
2 6 0.400576
2 7 0.407801
2 8 0.30445
2 9 0.224793
2 10 0.198547
2 11 0.212727
2 12 0.211084
2 13 0.227451
2 14 0.244292
2 15 0.267468
2 16 0.276822
2 17 0.341546
2 18 0.316914
2 19 0.314797
2 20 0.365736
2 21 0.367006
2 22 0.385417
2 23 0.405063
2 24 0.407323
2 25 0.406736
2 26 0.421356
2 27 0.318345
2 28 0.325153
2 29 0.320652
2 30 0.277372
2 31 0.26087
2 32 0.272936
2 33 0.227119
2 34 0.198324
2 35 0.217708
2 36 0.180222
2 37 0.21057
2 38 0.226277
2 39 0.234599
2 40 0.267065
2 41 0.314428
2 42 0.284024
2 43 0.315094
2 44 0.354354
2 45 0.37001
2 46 0.360181
2 47 0.389454
2 48 0.381522
2 49 0.412918
2 50 0.387306
2 51 0.354599
2 52 0.32397
2 53 0.294896
2 54 0.278761
2 55 0.250564
2 56 0.27163
2 57 0.203448
2 58 0.205962
2 59 0.225275
2 60 0.226994
2 61 0.225678
2 62 0.255039
2 63 0.255987
2 64 0.272414
2 65 0.333655
2 66 0.305905
2 67 0.330754
2 68 0.363811
2 69 0.377477
2 70 0.345331
2 71 0.377101
2 72 0.365654
2 73 0.348131
2 74 0.361345
2 75 0.33121
2 76 0.352601
2 77 0.335749
2 78 0.310924
2 79 0.343465
2 80 0.253425
2 81 0.228155
2 82 0.175947
2 83 0.179732
2 84 0.185242
2 85 0.174074
2 86 0.203837
2 87 0.241489
2 88 0.214162
2 89 0.270782
2 90 0.283105
2 91 0.316418
2 92 0.331658
2 93 0.373529
2 94 0.372197
2 95 0.397884
2 96 0.390607
2 97 0.417313
2 98 0.441718
2 99 0.43487
2 100 0.464531
2 101 0.415761
2 102 0.396166
2 103 0.380503
2 104 0.271003
2 105 0.210526
2 106 0.165644
2 107 0.174533
2 108 0.185976
2 109 0.182253
2 110 0.201561
2 111 0.230037
2 112 0.246341
2 113 0.290878
2 114 0.303271
2 115 0.276113
2 116 0.312724
2 117 0.31109
2 118 0.354322
2 119 0.40884
2 120 0.436796
2 121 0.456091
2 122 0.482815
2 123 0.510504
2 124 0.466334
2 125 0.523416
2 126 0.498551
2 127 0.482428
2 128 0.381546
2 129 0.261017
2 130 0.199488
2 131 0.17931
2 132 0.185934
2 133 0.205521
2 134 0.217844
2 135 0.238245
2 136 0.265432
2 137 0.305317
2 138 0.328598
2 139 0.32729
2 140 0.334008
2 141 0.36965
2 142 0.381152
2 143 0.394948
2 144 0.41206
2 145 0.438692
2 146 0.522082
2 147 0.509225
2 148 0.501089
2 149 0.491049
2 150 0.497268
2 151 0.453258
2 152 0.34005
2 153 0.23987
2 154 0.171893
2 155 0.142035
2 156 0.146341
2 157 0.148669
2 158 0.166786
2 159 0.204412
2 160 0.195688
2 161 0.264678
2 162 0.269625
2 163 0.282727
2 164 0.292823
2 165 0.337512
2 166 0.350929
2 167 0.38651
