0.281869
0 0 0.673469
0 1 0.720721
0 2 0.67713
0 3 0.712963
0 4 0.705882
0 5 0.755814
0 6 0.689266
0 7 0.721311
0 8 0.710227
0 9 0.755396
0 10 0.682759
0 11 0.70339
0 12 0.686957
0 13 0.735537
0 14 0.71134
0 15 0.767677
0 16 0.59434
0 17 0.452632
0 18 0.271028
0 19 0.278689
0 20 0.246988
0 21 0.267943
0 22 0.252
0 23 0.233962
0 24 0.288136
0 25 0.246528
0 26 0.239521
0 27 0.241791
0 28 0.261398
0 29 0.297468
0 30 0.343042
0 31 0.326667
0 32 0.381295
0 33 0.35206
0 34 0.431655
0 35 0.383803
0 36 0.408759
0 37 0.436823
0 38 0.412541
0 39 0.441176
0 40 0.494737
0 41 0.441696
0 42 0.503425
0 43 0.537671
0 44 0.571429
0 45 0.578014
0 46 0.573643
0 47 0.564706
0 48 0.619048
0 49 0.60262
0 50 0.559242
0 51 0.617347
0 52 0.57672
0 53 0.592784
0 54 0.511494
0 55 0.54321
0 56 0.493333
0 57 0.61194
0 58 0.473214
0 59 0.516949
0 60 0.408696
0 61 0.548077
0 62 0.434343
0 63 0.565217
0 64 0.318182
0 65 0.40404
0 66 0.264286
0 67 0.359712
0 68 0.247059
0 69 0.287582
0 70 0.285068
0 71 0.247863
0 72 0.292096
0 73 0.289753
0 74 0.289655
0 75 0.277992
0 76 0.325175
0 77 0.294461
0 78 0.341727
0 79 0.363322
0 80 0.362637
0 81 0.328904
0 82 0.409722
0 83 0.395105
0 84 0.440789
0 85 0.382239
0 86 0.461832
0 87 0.490775
0 88 0.534979
0 89 0.494983
0 90 0.566038
0 91 0.559859
0 92 0.593156
0 93 0.625984
0 94 0.570909
0 95 0.534562
0 96 0.550201
0 97 0.594828
0 98 0.59901
0 99 0.536946
0 100 0.604278
0 101 0.469136
0 102 0.521739
0 103 0.488506
0 104 0.557143
0 105 0.407407
0 106 0.470588
0 107 0.539062
0 108 0.458015
0 109 0.5
0 110 0.475248
0 111 0.615385
0 112 0.445545
0 113 0.442623
0 114 0.301887
0 115 0.267606
0 116 0.319728
0 117 0.318471
0 118 0.28866
0 119 0.356164
0 120 0.31441
0 121 0.254613
0 122 0.22314
0 123 0.254682
0 124 0.342373
0 125 0.263158
0 126 0.337209
0 127 0.334495
0 128 0.375439
0 129 0.422642
0 130 0.463768
0 131 0.477273
0 132 0.42029
0 133 0.46371
0 134 0.536122
0 135 0.418803
0 136 0.527344
0 137 0.526515
0 138 0.599237
0 139 0.577947
0 140 0.645756
0 141 0.67658
0 142 0.665217
0 143 0.712821
0 144 0.574879
0 145 0.679558
0 146 0.645161
0 147 0.629213
0 148 0.580645
0 149 0.605096
0 150 0.56051
0 151 0.601695
0 152 0.647482
0 153 0.59375
0 154 0.609524
0 155 0.623853
0 156 0.525773
0 157 0.602564
0 158 0.529412
0 159 0.67
0 160 0.453608
0 161 0.491228
0 162 0.264957
0 163 0.234375
0 164 0.234043
0 165 0.239819
0 166 0.24812
0 167 0.249221
0 168 0.228477
0 169 0.218354
0 170 0.20059
0 171 0.205634
0 172 0.222892
0 173 0.301587
0 174 0.315961
0 175 0.344311
0 176 0.355422
0 177 0.345714
0 178 0.338509
0 179 0.428994
0 180 0.396285
0 181 0.426573
0 182 0.472603
0 183 0.373239
0 184 0.454545
0 185 0.489426
0 186 0.498339
0 187 0.513846
0 188 0.568266
0 189 0.635338
0 190 0.557621
0 191 0.592593
0 192 0.533058
0 193 0.600806
0 194 0.584906
0 195 0.622093
0 196 0.631841
0 197 0.662791
0 198 0.666667
0 199 0.631944
0 200 0.586957
0 201 0.641509
0 202 0.67619
0 203 0.663265
0 204 0.565657
0 205 0.578431
0 206 0.647059
0 207 0.656566
0 208 0.505747
0 209 0.4375
0 210 0.301724
0 211 0.280303
0 212 0.242424
0 213 0.241706
0 214 0.29646
0 215 0.241803
0 216 0.194539
0 217 0.204545
0 218 0.234899
0 219 0.189542
0 220 0.260062
0 221 0.317726
0 222 0.347368
0 223 0.3367
0 224 0.327273
0 225 0.316901
0 226 0.492958
0 227 0.38796
0 228 0.429078
0 229 0.413919
0 230 0.479452
0 231 0.401434
0 232 0.513725
0 233 0.482517
0 234 0.55597
0 235 0.544444
0 236 0.615385
0 237 0.622776
0 238 0.550201
0 239 0.638655
0 240 0.631579
0 241 0.621399
0 242 0.629956
0 243 0.652406
0 244 0.627551
0 245 0.668421
0 246 0.668605
0 247 0.641975
0 248 0.67284
0 249 0.674242
0 250 0.719697
0 251 0.728682
0 252 0.752066
0 253 0.808081
0 254 0.711712
0 255 0.728
0 256 0.685185
0 257 0.632075
0 258 0.416667
0 259 0.27619
0 260 0.3
0 261 0.213592
0 262 0.243119
0 263 0.216327
0 264 0.250871
0 265 0.226277
0 266 0.228188
0 267 0.24
0 268 0.308442
0 269 0.258065
0 270 0.362369
0 271 0.333333
0 272 0.408602
0 273 0.414557
0 274 0.39527
0 275 0.453815
0 276 0.446154
0 277 0.41573
0 278 0.401487
0 279 0.455253
0 280 0.478102
0 281 0.570896
0 282 0.503356
0 283 0.589928
0 284 0.598131
0 285 0.629139
0 286 0.620339
0 287 0.603175
0 288 0.583942
0 289 0.602151
0 290 0.669145
0 291 0.610169
0 292 0.72
0 293 0.685841
0 294 0.598958
0 295 0.723164
0 296 0.664894
0 297 0.716763
0 298 0.639752
0 299 0.704225
0 300 0.777778
0 301 0.776316
0 302 0.732824
0 303 0.793333
0 304 0.629032
0 305 0.51145
0 306 0.464567
0 307 0.276119
0 308 0.284091
0 309 0.257576
0 310 0.260664
0 311 0.253112
0 312 0.212996
0 313 0.220339
0 314 0.215385
0 315 0.222973
0 316 0.261168
0 317 0.2443
0 318 0.317647
0 319 0.358156
0 320 0.355872
0 321 0.372951
0 322 0.401575
0 323 0.468165
0 324 0.509225
0 325 0.48062
0 326 0.56682
0 327 0.487805
0 328 0.480565
0 329 0.494297
0 330 0.55102
0 331 0.636964
0 332 0.612546
0 333 0.663333
0 334 0.67803
0 335 0.655462
1 0 0.12628
1 1 0.137795
1 2 0.156489
1 3 0.146444
1 4 0.121076
1 5 0.123894
1 6 0.133333
1 7 0.159091
1 8 0.16092
1 9 0.160839
1 10 0.168
1 11 0.167939
1 12 0.122642
1 13 0.2
1 14 0.193878
1 15 0.275
1 16 0.155738
1 17 0.134328
1 18 0.0687831
1 19 0.0769231
1 20 0.0826772
1 21 0.0744048
1 22 0.0733696
1 23 0.0921409
1 24 0.0716049
1 25 0.0919037
1 26 0.0863454
1 27 0.0745342
1 28 0.087146
1 29 0.0770925
1 30 0.100791
1 31 0.0843091
1 32 0.115385
1 33 0.126789
1 34 0.136951
1 35 0.142442
1 36 0.134247
1 37 0.167155
1 38 0.168044
1 39 0.113497
1 40 0.150396
1 41 0.160563
1 42 0.25
1 43 0.217523
1 44 0.173502
1 45 0.175385
1 46 0.195312
1 47 0.236641
1 48 0.163347
1 49 0.189189
1 50 0.190476
1 51 0.171946
1 52 0.204651
1 53 0.202765
1 54 0.179348
1 55 0.173653
1 56 0.150838
1 57 0.173611
1 58 0.150685
1 59 0.134328
1 60 0.179487
1 61 0.138686
1 62 0.163636
1 63 0.113402
1 64 0.202899
1 65 0.168831
1 66 0.0879121
1 67 0.0696517
1 68 0.0483871
1 69 0.0836653
1 70 0.0786164
1 71 0.0706522
1 72 0.0806045
1 73 0.0719101
1 74 0.0631579
1 75 0.054409
1 76 0.0520607
1 77 0.0757576
1 78 0.08061
1 79 0.09375
1 80 0.091954
1 81 0.129584
1 82 0.0992366
1 83 0.119658
1 84 0.104712
1 85 0.107143
1 86 0.133333
1 87 0.134518
1 88 0.131805
1 89 0.152882
1 90 0.192771
1 91 0.170732
1 92 0.177083
1 93 0.193333
1 94 0.195572
1 95 0.175182
1 96 0.144487
1 97 0.163347
1 98 0.179283
1 99 0.129032
1 100 0.158371
1 101 0.164609
1 102 0.133929
1 103 0.172222
1 104 0.129353
1 105 0.112245
1 106 0.109375
1 107 0.147059
1 108 0.0826446
1 109 0.134752
1 110 0.164062
1 111 0.2
1 112 0.125
1 113 0.141892
1 114 0.047619
1 115 0.0670103
1 116 0.0851064
1 117 0.0625
1 118 0.0811688
1 119 0.117284
1 120 0.0563798
1 121 0.105105
1 122 0.0628141
1 123 0.0748792
1 124 0.108179
1 125 0.0815217
1 126 0.092219
1 127 0.13079
1 128 0.110448
1 129 0.115942
1 130 0.129338
1 131 0.179104
1 132 0.169935
1 133 0.146628
1 134 0.125
1 135 0.174051
1 136 0.155844
1 137 0.147157
1 138 0.233227
1 139 0.22508
1 140 0.215827
1 141 0.214984
1 142 0.224026
1 143 0.18797
1 144 0.204225
1 145 0.203846
1 146 0.249123
1 147 0.175676
1 148 0.173333
1 149 0.222727
1 150 0.126168
1 151 0.235955
1 152 0.176101
1 153 0.232558
1 154 0.287879
1 155 0.262712
1 156 0.204082
1 157 0.171171
1 158 0.142857
1 159 0.261905
1 160 0.150442
1 161 0.164384
1 162 0.0758294
1 163 0.0390071
1 164 0.0346021
1 165 0.0424242
1 166 0.0588235
1 167 0.0751566
1 168 0.0710059
1 169 0.045082
1 170 0.0506329
1 171 0.0589226
1 172 0.0646388
1 173 0.0643382
1 174 0.102249
1 175 0.06
1 176 0.0742358
1 177 0.0987903
1 178 0.0959596
1 179 0.151899
1 180 0.140306
1 181 0.1
1 182 0.102138
1 183 0.0943396
1 184 0.120735
1 185 0.136816
1 186 0.125
1 187 0.167526
1 188 0.167173
1 189 0.169935
1 190 0.158416
1 191 0.164062
1 192 0.112676
1 193 0.144531
1 194 0.171103
1 195 0.15
1 196 0.144928
1 197 0.173077
1 198 0.15894
1 199 0.134146
1 200 0.18254
1 201 0.219858
1 202 0.222222
1 203 0.207207
1 204 0.207921
1 205 0.172043
1 206 0.257732
1 207 0.313953
1 208 0.145455
1 209 0.121951
1 210 0.0462428
1 211 0.0401786
1 212 0.0842912
1 213 0.0544218
1 214 0.0706215
1 215 0.0712531
1 216 0.0645161
1 217 0.0829876
1 218 0.0565217
1 219 0.0639175
1 220 0.0761099
1 221 0.0880503
1 222 0.0898876
1 223 0.0866511
1 224 0.114679
1 225 0.109589
1 226 0.127551
1 227 0.0840108
1 228 0.132964
1 229 0.187692
1 230 0.135977
1 231 0.152
1 232 0.125356
1 233 0.159375
1 234 0.156522
1 235 0.196676
1 236 0.142857
1 237 0.13941
1 238 0.215116
1 239 0.157576
1 240 0.172012
1 241 0.15873
1 242 0.186851
1 243 0.192157
1 244 0.132812
1 245 0.206751
1 246 0.2
1 247 0.155914
1 248 0.222222
1 249 0.277778
1 250 0.268293
1 251 0.308271
1 252 0.280702
1 253 0.261261
1 254 0.248
1 255 0.281818
1 256 0.198413
1 257 0.130137
1 258 0.0502793
1 259 0.0583333
1 260 0.0551181
1 261 0.0592593
1 262 0.046832
1 263 0.0652681
1 264 0.0501044
1 265 0.0715835
1 266 0.0625
1 267 0.0578662
1 268 0.0861345
1 269 0.103004
1 270 0.0967033
1 271 0.0972851
1 272 0.12285
1 273 0.112745
1 274 0.145889
1 275 0.147453
1 276 0.160858
1 277 0.130081
1 278 0.138817
1 279 0.110818
1 280 0.171795
1 281 0.125698
1 282 0.145897
1 283 0.13522
1 284 0.151976
1 285 0.2
1 286 0.226837
1 287 0.160584
1 288 0.212766
1 289 0.18543
1 290 0.216667
1 291 0.272727
1 292 0.186147
1 293 0.200837
1 294 0.288043
1 295 0.262673
1 296 0.245033
1 297 0.275281
1 298 0.263889
1 299 0.256637
1 300 0.212598
1 301 0.324561
1 302 0.268817
1 303 0.275229
1 304 0.207547
1 305 0.221311
1 306 0.0657895
1 307 0.0606061
1 308 0.0620438
1 309 0.0780669
1 310 0.0756757
1 311 0.0588235
1 312 0.0629371
1 313 0.0917874
1 314 0.0596026
1 315 0.0550847
1 316 0.0767327
1 317 0.081448
1 318 0.0829016
1 319 0.0892857
1 320 0.107895
1 321 0.0920398
1 322 0.152355
1 323 0.181579
1 324 0.135204
1 325 0.154321
1 326 0.135593
1 327 0.139535
1 328 0.16474
1 329 0.190635
1 330 0.215385
1 331 0.168675
1 332 0.129964
1 333 0.175926
1 334 0.140468
1 335 0.141379
2 0 0.414141
2 1 0.413551
2 2 0.384422
2 3 0.439093
2 4 0.412141
2 5 0.423729
2 6 0.458333
2 7 0.462687
2 8 0.397541
2 9 0.364929
2 10 0.433962
2 11 0.324022
2 12 0.383234
2 13 0.414365
2 14 0.385714
2 15 0.429577
2 16 0.292308
2 17 0.311966
2 18 0.223077
2 19 0.229412
2 20 0.208556
2 21 0.191964
2 22 0.207156
2 23 0.220249
2 24 0.228571
2 25 0.2
2 26 0.24374
2 27 0.211765
2 28 0.244012
2 29 0.248428
2 30 0.265745
2 31 0.273134
2 32 0.286179
2 33 0.27
2 34 0.322284
2 35 0.359177
2 36 0.298077
2 37 0.343808
2 38 0.348231
2 39 0.282692
2 40 0.38523
2 41 0.350187
2 42 0.380952
2 43 0.357664
2 44 0.376106
2 45 0.39604
2 46 0.39821
2 47 0.413655
2 48 0.409302
2 49 0.402685
2 50 0.417526
2 51 0.396867
2 52 0.45098
2 53 0.39577
2 54 0.324723
2 55 0.312281
2 56 0.33617
2 57 0.313725
2 58 0.327957
2 59 0.316667
2 60 0.298578
2 61 0.253731
2 62 0.228426
2 63 0.295337
2 64 0.270408
2 65 0.278481
2 66 0.230189
2 67 0.226708
2 68 0.196721
2 69 0.202899
2 70 0.195556
2 71 0.238189
2 72 0.178108
2 73 0.180987
2 74 0.223906
2 75 0.200988
2 76 0.229938
2 77 0.224525
2 78 0.254098
2 79 0.213172
2 80 0.261637
2 81 0.274223
2 82 0.282946
2 83 0.34413
2 84 0.291417
2 85 0.282306
2 86 0.317164
2 87 0.317215
2 88 0.363465
2 89 0.343284
2 90 0.366142
2 91 0.375242
2 92 0.326241
2 93 0.395564
2 94 0.382463
2 95 0.397059
2 96 0.395833
2 97 0.375
2 98 0.427617
2 99 0.393365
2 100 0.391304
2 101 0.390428
2 102 0.378049
2 103 0.336257
2 104 0.319149
2 105 0.328063
2 106 0.327068
2 107 0.266409
2 108 0.274336
2 109 0.284444
2 110 0.233333
2 111 0.269565
2 112 0.255605
2 113 0.285714
2 114 0.210145
2 115 0.19544
2 116 0.215223
2 117 0.196629
2 118 0.247086
2 119 0.209302
2 120 0.22037
2 121 0.236088
2 122 0.266442
2 123 0.191131
2 124 0.269592
2 125 0.243411
2 126 0.258824
2 127 0.256158
2 128 0.265203
2 129 0.27993
2 130 0.347328
2 131 0.317215
2 132 0.307992
2 133 0.306202
2 134 0.333333
2 135 0.329502
2 136 0.365714
2 137 0.362573
2 138 0.400387
2 139 0.361158
2 140 0.34375
2 141 0.342912
2 142 0.381053
2 143 0.375527
2 144 0.360277
2 145 0.376499
2 146 0.328671
2 147 0.368545
2 148 0.36631
2 149 0.355882
2 150 0.282421
2 151 0.395683
2 152 0.354386
2 153 0.351931
2 154 0.349057
2 155 0.323383
2 156 0.303922
2 157 0.320261
2 158 0.392405
2 159 0.296512
2 160 0.252525
2 161 0.258475
2 162 0.25
2 163 0.204334
2 164 0.193622
2 165 0.158351
2 166 0.177966
2 167 0.178694
2 168 0.178571
2 169 0.194074
2 170 0.168889
2 171 0.183891
2 172 0.174888
2 173 0.236301
2 174 0.237013
2 175 0.25
2 176 0.198642
2 177 0.233096
2 178 0.265273
2 179 0.278438
2 180 0.290323
2 181 0.281377
2 182 0.295635
2 183 0.333992
2 184 0.317526
2 185 0.345098
2 186 0.366935
2 187 0.375472
2 188 0.367021
2 189 0.377495
2 190 0.418655
2 191 0.385263
2 192 0.4
2 193 0.379545
2 194 0.414248
2 195 0.424552
2 196 0.443038
2 197 0.434018
2 198 0.43295
2 199 0.433333
2 200 0.481013
2 201 0.440594
2 202 0.449495
2 203 0.376471
2 204 0.375
2 205 0.42069
2 206 0.377143
2 207 0.384615
2 208 0.265432
2 209 0.272727
2 210 0.232
2 211 0.194118
2 212 0.150259
2 213 0.180328
2 214 0.178495
2 215 0.176012
2 216 0.175698
2 217 0.198263
2 218 0.164789
2 219 0.200803
2 220 0.198551
2 221 0.207042
2 222 0.2287
2 223 0.234012
2 224 0.248773
2 225 0.243548
2 226 0.280977
2 227 0.301533
2 228 0.316574
2 229 0.300347
2 230 0.265343
2 231 0.29291
2 232 0.323214
2 233 0.303249
2 234 0.306391
2 235 0.315789
2 236 0.345756
2 237 0.356371
2 238 0.391593
2 239 0.423246
2 240 0.447174
2 241 0.418546
2 242 0.459302
2 243 0.451791
2 244 0.44164
2 245 0.523649
2 246 0.474104
2 247 0.548673
2 248 0.493088
2 249 0.432432
2 250 0.506024
2 251 0.538071
2 252 0.518325
2 253 0.467949
2 254 0.503268
2 255 0.465409
2 256 0.410526
2 257 0.348837
2 258 0.257692
2 259 0.26284
2 260 0.190476
2 261 0.207059
2 262 0.190476
2 263 0.170909
2 264 0.217014
2 265 0.162037
2 266 0.203175
2 267 0.208644
2 268 0.222054
2 269 0.213763
2 270 0.215453
2 271 0.264559
2 272 0.247006
2 273 0.285032
2 274 0.310345
2 275 0.303636
2 276 0.311321
2 277 0.348659
2 278 0.35619
2 279 0.300578
2 280 0.320175
2 281 0.343925
2 282 0.347409
2 283 0.394059
2 284 0.379722
2 285 0.376906
2 286 0.370787
2 287 0.423168
2 288 0.396509
2 289 0.431122
2 290 0.433702
2 291 0.442359
2 292 0.509804
2 293 0.541796
2 294 0.498246
2 295 0.52549
2 296 0.490272
2 297 0.509804
2 298 0.46798
2 299 0.513228
2 300 0.449704
2 301 0.535354
2 302 0.512953
2 303 0.386076
2 304 0.331522
2 305 0.349057
2 306 0.248148
2 307 0.234783
2 308 0.192308
2 309 0.158009
2 310 0.138672
2 311 0.146388
2 312 0.153465
2 313 0.141337
2 314 0.148936
2 315 0.149068
2 316 0.156342
2 317 0.179632
2 318 0.1994
2 319 0.21261
2 320 0.184514
2 321 0.205638
2 322 0.271403
2 323 0.261122
2 324 0.269608
2 325 0.268683
2 326 0.268953
2 327 0.299445
2 328 0.287698
2 329 0.304348
2 330 0.324022
2 331 0.351297
2 332 0.368121
2 333 0.331325
2 334 0.382609
2 335 0.391949
