0.281869
0 0 0.708061
0 1 0.701149
0 2 0.730667
0 3 0.707521
0 4 0.734824
0 5 0.694656
0 6 0.72103
0 7 0.736041
0 8 0.535354
0 9 0.282511
0 10 0.262162
0 11 0.248016
0 12 0.276106
0 13 0.245427
0 14 0.29316
0 15 0.34635
0 16 0.374532
0 17 0.413357
0 18 0.435514
0 19 0.427509
0 20 0.470796
0 21 0.537102
0 22 0.583333
0 23 0.581673
0 24 0.613779
0 25 0.59601
0 26 0.583333
0 27 0.525223
0 28 0.55516
0 29 0.511211
0 30 0.485981
0 31 0.505319
0 32 0.365591
0 33 0.32342
0 34 0.273016
0 35 0.272523
0 36 0.301989
0 37 0.288889
0 38 0.324415
0 39 0.365631
0 40 0.357401
0 41 0.40669
0 42 0.427523
0 43 0.48381
0 44 0.52552
0 45 0.574349
0 46 0.610465
0 47 0.56639
0 48 0.572917
0 49 0.572139
0 50 0.559172
0 51 0.507508
0 52 0.490775
0 53 0.503788
0 54 0.472103
0 55 0.554455
0 56 0.454128
0 57 0.291667
0 58 0.325503
0 59 0.336683
0 60 0.29375
0 61 0.242545
0 62 0.316667
0 63 0.335165
0 64 0.396022
0 65 0.467772
0 66 0.445087
0 67 0.489754
0 68 0.541502
0 69 0.603516
0 70 0.672316
0 71 0.698565
0 72 0.640212
0 73 0.644444
0 74 0.596774
0 75 0.584559
0 76 0.633588
0 77 0.622642
0 78 0.569767
0 79 0.605405
0 80 0.478469
0 81 0.253112
0 82 0.237164
0 83 0.255245
0 84 0.226601
0 85 0.208889
0 86 0.268571
0 87 0.338658
0 88 0.364885
0 89 0.396256
0 90 0.420168
0 91 0.432624
0 92 0.483713
0 93 0.515447
0 94 0.614068
0 95 0.582178
0 96 0.569672
0 97 0.624324
0 98 0.647849
0 99 0.658363
0 100 0.608163
0 101 0.673267
0 102 0.580808
0 103 0.655
0 104 0.465
0 105 0.295082
0 106 0.250689
0 107 0.272138
0 108 0.206897
0 109 0.22069
0 110 0.302876
0 111 0.357914
0 112 0.338346
0 113 0.453901
0 114 0.427788
0 115 0.451613
0 116 0.503745
0 117 0.560606
0 118 0.62234
0 119 0.613588
0 120 0.646316
0 121 0.643204
0 122 0.639386
0 123 0.667683
0 124 0.668919
0 125 0.732558
0 126 0.780822
0 127 0.720339
0 128 0.661972
0 129 0.353846
0 130 0.257225
0 131 0.239819
0 132 0.248148
0 133 0.243636
0 134 0.298126
0 135 0.350877
0 136 0.409015
0 137 0.429907
0 138 0.445098
0 139 0.433526
0 140 0.550388
0 141 0.561717
0 142 0.62013
0 143 0.613487
0 144 0.590991
0 145 0.646707
0 146 0.707589
0 147 0.656757
0 148 0.687845
0 149 0.669967
0 150 0.774411
0 151 0.765125
0 152 0.584677
0 153 0.372093
0 154 0.272973
0 155 0.267281
0 156 0.227523
0 157 0.232381
0 158 0.268206
0 159 0.347992
0 160 0.375246
0 161 0.439072
0 162 0.496212
0 163 0.534066
0 164 0.498127
0 165 0.595638
0 166 0.639229
0 167 0.679513
1 0 0.13211
1 1 0.15261
1 2 0.123318
1 3 0.145161
1 4 0.160377
1 5 0.169291
1 6 0.161905
1 7 0.231638
1 8 0.140684
1 9 0.0724638
1 10 0.0801394
1 11 0.0818792
1 12 0.0824623
1 13 0.0806122
1 14 0.0814332
1 15 0.0932476
1 16 0.121245
1 17 0.137652
1 18 0.151429
1 19 0.139601
1 20 0.157025
1 21 0.232666
1 22 0.173913
1 23 0.214559
1 24 0.179283
1 25 0.178082
1 26 0.204651
1 27 0.178161
1 28 0.1571
1 29 0.137931
1 30 0.158249
1 31 0.138095
1 32 0.1843
1 33 0.0773196
1 34 0.0652174
1 35 0.0731707
1 36 0.0768307
1 37 0.0577299
1 38 0.0625663
1 39 0.0893665
1 40 0.109541
1 41 0.108
1 42 0.103539
1 43 0.133952
1 44 0.143048
1 45 0.177253
1 46 0.190893
1 47 0.189139
1 48 0.153398
1 49 0.153082
1 50 0.159236
1 51 0.1525
1 52 0.118812
1 53 0.126027
1 54 0.112403
1 55 0.182648
1 56 0.138211
1 57 0.0584795
1 58 0.0737705
1 59 0.102773
1 60 0.080597
1 61 0.0703518
1 62 0.0944149
1 63 0.114449
1 64 0.115616
1 65 0.156347
1 66 0.159126
1 67 0.146226
1 68 0.149593
1 69 0.225552
1 70 0.216123
1 71 0.206597
1 72 0.206704
1 73 0.214008
1 74 0.199095
1 75 0.180157
1 76 0.202381
1 77 0.279352
1 78 0.189189
1 79 0.206751
1 80 0.159533
1 81 0.0555556
1 82 0.0393443
1 83 0.0676275
1 84 0.0587639
1 85 0.056244
1 86 0.0639481
1 87 0.0820021
1 88 0.0856553
1 89 0.124682
1 90 0.119347
1 91 0.097867
1 92 0.126566
1 93 0.145917
1 94 0.167975
1 95 0.162455
1 96 0.128972
1 97 0.159136
1 98 0.157143
1 99 0.14557
1 100 0.203008
1 101 0.21327
1 102 0.18408
1 103 0.284153
1 104 0.129707
1 105 0.042394
1 106 0.0689655
1 107 0.0719041
1 108 0.0746432
1 109 0.0631929
1 110 0.08125
1 111 0.0884041
1 112 0.11036
1 113 0.107001
1 114 0.166922
1 115 0.143443
1 116 0.141369
1 117 0.172176
1 118 0.14094
1 119 0.181818
1 120 0.162687
1 121 0.1883
1 122 0.168016
1 123 0.178824
1 124 0.248571
1 125 0.286822
1 126 0.269912
1 127 0.269565
1 128 0.161172
1 129 0.0542453
1 130 0.0574713
1 131 0.056962
1 132 0.0613563
1 133 0.0586618
1 134 0.0942797
1 135 0.0966667
1 136 0.11985
1 137 0.149457
1 138 0.143808
1 139 0.126482
1 140 0.148936
1 141 0.137879
1 142 0.175806
1 143 0.198962
1 144 0.20104
1 145 0.245935
1 146 0.197397
1 147 0.272277
1 148 0.261398
1 149 0.256705
1 150 0.26556
1 151 0.277778
1 152 0.214912
1 153 0.0637681
1 154 0.0718336
1 155 0.0686567
1 156 0.0774732
1 157 0.0548654
1 158 0.0814095
1 159 0.0879265
1 160 0.0962963
1 161 0.167341
1 162 0.149492
1 163 0.140845
1 164 0.177847
1 165 0.195046
1 166 0.153213
1 167 0.142857
2 0 0.408873
2 1 0.406332
2 2 0.415033
2 3 0.460526
2 4 0.381579
2 5 0.380711
2 6 0.394886
2 7 0.407801
2 8 0.305882
2 9 0.225914
2 10 0.194543
2 11 0.213309
2 12 0.21074
2 13 0.224285
2 14 0.241899
2 15 0.265474
2 16 0.275918
2 17 0.342711
2 18 0.314866
2 19 0.319007
2 20 0.363289
2 21 0.363636
2 22 0.384216
2 23 0.403361
2 24 0.401353
2 25 0.407792
2 26 0.423803
2 27 0.317204
2 28 0.327835
2 29 0.325069
2 30 0.276029
2 31 0.261538
2 32 0.274827
2 33 0.226351
2 34 0.199438
2 35 0.218163
2 36 0.174731
2 37 0.213211
2 38 0.225363
2 39 0.226016
2 40 0.264135
2 41 0.312871
2 42 0.286567
2 43 0.314797
2 44 0.349457
2 45 0.372915
2 46 0.354408
2 47 0.38238
2 48 0.384868
2 49 0.411494
2 50 0.388817
2 51 0.35355
2 52 0.325188
2 53 0.298851
2 54 0.278146
2 55 0.248322
2 56 0.266272
2 57 0.2
2 58 0.203753
2 59 0.219017
2 60 0.224631
2 61 0.22301
2 62 0.253272
2 63 0.254516
2 64 0.269855
2 65 0.331418
2 66 0.303846
2 67 0.333659
2 68 0.362069
2 69 0.3785
2 70 0.339713
2 71 0.37631
2 72 0.361015
2 73 0.349765
2 74 0.358832
2 75 0.326531
2 76 0.353282
2 77 0.332536
2 78 0.309192
2 79 0.34139
2 80 0.253425
2 81 0.222397
2 82 0.173817
2 83 0.175537
2 84 0.184251
2 85 0.171408
2 86 0.203349
2 87 0.240726
2 88 0.213242
2 89 0.266397
2 90 0.283623
2 91 0.312684
2 92 0.331992
2 93 0.369903
2 94 0.369217
2 95 0.396624
2 96 0.386621
2 97 0.415167
2 98 0.441041
2 99 0.430556
2 100 0.462415
2 101 0.415761
2 102 0.401294
2 103 0.37931
2 104 0.274725
2 105 0.210169
2 106 0.162651
2 107 0.174377
2 108 0.184012
2 109 0.175197
2 110 0.199859
2 111 0.226879
2 112 0.243569
2 113 0.285714
2 114 0.297227
2 115 0.276615
2 116 0.311607
2 117 0.314042
2 118 0.350211
2 119 0.40884
2 120 0.431397
2 121 0.456091
2 122 0.485997
2 123 0.507307
2 124 0.466334
2 125 0.521978
2 126 0.495677
2 127 0.476341
2 128 0.377778
2 129 0.260135
2 130 0.196474
2 131 0.175845
2 132 0.183121
2 133 0.206471
2 134 0.213246
2 135 0.238245
2 136 0.2634
2 137 0.30093
2 138 0.327358
2 139 0.323585
2 140 0.325765
2 141 0.368932
2 142 0.374101
2 143 0.391354
2 144 0.411028
2 145 0.435135
2 146 0.516381
2 147 0.514925
2 148 0.5
2 149 0.494845
2 150 0.497268
2 151 0.450704
2 152 0.334988
2 153 0.23756
2 154 0.170115
2 155 0.13936
2 156 0.143629
2 157 0.150112
2 158 0.161469
2 159 0.201595
2 160 0.196995
2 161 0.265421
2 162 0.262895
2 163 0.277927
2 164 0.291706
2 165 0.333333
2 166 0.352306
2 167 0.3804
