0.281544
0 0 0.371622
0 1 0.382775
0 2 0.345538
0 3 0.364066
0 4 0.374026
0 5 0.373563
0 6 0.332425
0 7 0.435644
0 8 0.404531
0 9 0.40856
0 10 0.417722
0 11 0.377273
0 12 0.360731
0 13 0.458763
0 14 0.415663
0 15 0.385787
0 16 0.29717
0 17 0.196347
0 18 0.113281
0 19 0.114094
0 20 0.103535
0 21 0.126411
0 22 0.137856
0 23 0.116105
0 24 0.144312
0 25 0.116013
0 26 0.124805
0 27 0.130435
0 28 0.13522
0 29 0.172794
0 30 0.183709
0 31 0.171629
0 32 0.183391
0 33 0.175701
0 34 0.20654
0 35 0.204503
0 36 0.212121
0 37 0.253138
0 38 0.257732
0 39 0.23702
0 40 0.302575
0 41 0.269978
0 42 0.315451
0 43 0.322382
0 44 0.297456
0 45 0.322772
0 46 0.355769
0 47 0.331797
0 48 0.373206
0 49 0.334951
0 50 0.346041
0 51 0.349711
0 52 0.382456
0 53 0.373377
0 54 0.37395
0 55 0.392857
0 56 0.373737
0 57 0.42268
0 58 0.32716
0 59 0.363095
0 60 0.309211
0 61 0.401408
0 62 0.282895
0 63 0.371429
0 64 0.18543
0 65 0.209424
0 66 0.161572
0 67 0.152905
0 68 0.113208
0 69 0.111392
0 70 0.14094
0 71 0.0994854
0 72 0.143824
0 73 0.129134
0 74 0.125186
0 75 0.108926
0 76 0.14486
0 77 0.154434
0 78 0.156507
0 79 0.166932
0 80 0.175844
0 81 0.173989
0 82 0.221805
0 83 0.217726
0 84 0.266932
0 85 0.199195
0 86 0.230476
0 87 0.259259
0 88 0.255906
0 89 0.279773
0 90 0.288462
0 91 0.304015
0 92 0.32981
0 93 0.347162
0 94 0.365967
0 95 0.306878
0 96 0.378453
0 97 0.369973
0 98 0.390323
0 99 0.353896
0 100 0.389655
0 101 0.347032
0 102 0.38009
0 103 0.454545
0 104 0.414894
0 105 0.34375
0 106 0.435374
0 107 0.43125
0 108 0.394737
0 109 0.37594
0 110 0.384
0 111 0.426667
0 112 0.28125
0 113 0.27551
0 114 0.141593
0 115 0.133803
0 116 0.141566
0 117 0.128866
0 118 0.130536
0 119 0.145251
0 120 0.136106
0 121 0.113861
0 122 0.0969479
0 123 0.112583
0 124 0.16343
0 125 0.117647
0 126 0.142857
0 127 0.176471
0 128 0.177446
0 129 0.200358
0 130 0.233151
0 131 0.250497
0 132 0.241667
0 133 0.250545
0 134 0.293139
0 135 0.209402
0 136 0.304054
0 137 0.283096
0 138 0.317172
0 139 0.330435
0 140 0.360082
0 141 0.385593
0 142 0.353349
0 143 0.364829
0 144 0.32964
0 145 0.354467
0 146 0.369231
0 147 0.35
0 148 0.37037
0 149 0.383065
0 150 0.376068
0 151 0.367876
0 152 0.40724
0 153 0.424581
0 154 0.374269
0 155 0.419753
0 156 0.356643
0 157 0.338129
0 158 0.321429
0 159 0.408537
0 160 0.263473
0 161 0.285714
0 162 0.132479
0 163 0.101695
0 164 0.122563
0 165 0.12212
0 166 0.128655
0 167 0.153257
0 168 0.118557
0 169 0.109524
0 170 0.102564
0 171 0.118893
0 172 0.115806
0 173 0.164502
0 174 0.155698
0 175 0.178019
0 176 0.194399
0 177 0.205782
0 178 0.214567
0 179 0.273585
0 180 0.224561
0 181 0.230189
0 182 0.252285
0 183 0.216769
0 184 0.271084
0 185 0.307985
0 186 0.289575
0 187 0.340122
0 188 0.314928
0 189 0.338
0 190 0.343249
0 191 0.334884
0 192 0.353425
0 193 0.370647
0 194 0.335135
0 195 0.354305
0 196 0.40836
0 197 0.398601
0 198 0.393305
0 199 0.388889
0 200 0.353712
0 201 0.334975
0 202 0.371728
0 203 0.349462
0 204 0.35443
0 205 0.355422
0 206 0.434211
0 207 0.445205
0 208 0.23913
0 209 0.23445
0 210 0.147059
0 211 0.124579
0 212 0.11976
0 213 0.122302
0 214 0.137295
0 215 0.118474
0 216 0.111765
0 217 0.11413
0 218 0.133843
0 219 0.09699
0 220 0.144578
0 221 0.165794
0 222 0.168654
0 223 0.172414
0 224 0.169811
0 225 0.169492
0 226 0.275591
0 227 0.223938
0 228 0.246436
0 229 0.242489
0 230 0.284553
0 231 0.231884
0 232 0.295045
0 233 0.284536
0 234 0.312369
0 235 0.292829
0 236 0.386813
0 237 0.366876
0 238 0.334963
0 239 0.341573
0 240 0.380488
0 241 0.360382
0 242 0.389646
0 243 0.346591
0 244 0.386792
0 245 0.383686
0 246 0.385906
0 247 0.350168
0 248 0.406716
0 249 0.337121
0 250 0.427928
0 251 0.435185
0 252 0.379167
0 253 0.34632
0 254 0.340517
0 255 0.402655
0 256 0.344186
0 257 0.2827
0 258 0.163265
0 259 0.105072
0 260 0.131965
0 261 0.137931
0 262 0.128954
0 263 0.120455
0 264 0.139806
0 265 0.121569
0 266 0.128302
0 267 0.121324
0 268 0.160473
0 269 0.151803
0 270 0.182777
0 271 0.172973
0 272 0.19965
0 273 0.24486
0 274 0.240741
0 275 0.262791
0 276 0.245243
0 277 0.235169
0 278 0.227368
0 279 0.250535
0 280 0.276956
0 281 0.330454
0 282 0.316456
0 283 0.339545
0 284 0.333333
0 285 0.366795
0 286 0.356031
0 287 0.367505
0 288 0.382775
0 289 0.363636
0 290 0.412844
0 291 0.36
0 292 0.420779
0 293 0.3875
0 294 0.358255
0 295 0.358543
0 296 0.39557
0 297 0.418919
0 298 0.367857
0 299 0.343643
0 300 0.405797
0 301 0.422939
0 302 0.370656
0 303 0.416084
0 304 0.320988
0 305 0.256705
0 306 0.21147
0 307 0.12892
0 308 0.143678
0 309 0.150888
0 310 0.145889
0 311 0.138952
0 312 0.124211
0 313 0.126706
0 314 0.113821
0 315 0.111675
0 316 0.13894
0 317 0.13181
0 318 0.156371
0 319 0.184307
0 320 0.187266
0 321 0.182365
0 322 0.228188
0 323 0.260417
0 324 0.278226
0 325 0.256729
0 326 0.266234
0 327 0.25974
0 328 0.290598
0 329 0.283224
0 330 0.341772
0 331 0.339789
0 332 0.330677
0 333 0.365809
0 334 0.378436
0 335 0.345133
1 0 0.298387
1 1 0.37234
1 2 0.376147
1 3 0.336538
1 4 0.290323
1 5 0.311111
1 6 0.270833
1 7 0.373333
1 8 0.358974
1 9 0.302632
1 10 0.33871
1 11 0.349206
1 12 0.220339
1 13 0.403846
1 14 0.322034
1 15 0.4
1 16 0.263889
1 17 0.24
1 18 0.127451
1 19 0.145299
1 20 0.125749
1 21 0.13089
1 22 0.117391
1 23 0.119298
1 24 0.109023
1 25 0.142857
1 26 0.138264
1 27 0.109756
1 28 0.133333
1 29 0.115512
1 30 0.194656
1 31 0.136882
1 32 0.186131
1 33 0.215278
1 34 0.197761
1 35 0.201646
1 36 0.198381
1 37 0.254464
1 38 0.282407
1 39 0.171296
1 40 0.255605
1 41 0.248908
1 42 0.341991
1 43 0.310345
1 44 0.316092
1 45 0.365385
1 46 0.292398
1 47 0.382716
1 48 0.264516
1 49 0.331081
1 50 0.310078
1 51 0.361905
1 52 0.372881
1 53 0.419048
1 54 0.407407
1 55 0.349398
1 56 0.321429
1 57 0.396825
1 58 0.385965
1 59 0.352941
1 60 0.4
1 61 0.301587
1 62 0.333333
1 63 0.244444
1 64 0.4
1 65 0.288889
1 66 0.164948
1 67 0.12844
1 68 0.0857143
1 69 0.11413
1 70 0.134409
1 71 0.122066
1 72 0.117216
1 73 0.114286
1 74 0.11194
1 75 0.100694
1 76 0.090566
1 77 0.1417
1 78 0.161572
1 79 0.171429
1 80 0.175439
1 81 0.212
1 82 0.207447
1 83 0.185841
1 84 0.194175
1 85 0.19598
1 86 0.236453
1 87 0.235556
1 88 0.272189
1 89 0.291866
1 90 0.342246
1 91 0.312849
1 92 0.309091
1 93 0.343195
1 94 0.315476
1 95 0.352941
1 96 0.296875
1 97 0.30597
1 98 0.346154
1 99 0.326531
1 100 0.318182
1 101 0.384615
1 102 0.344828
1 103 0.348315
1 104 0.329114
1 105 0.338462
1 106 0.362069
1 107 0.416667
1 108 0.25
1 109 0.5
1 110 0.396226
1 111 0.358491
1 112 0.276596
1 113 0.35
1 114 0.111111
1 115 0.146067
1 116 0.153846
1 117 0.0893855
1 118 0.126263
1 119 0.162393
1 120 0.0785124
1 121 0.139442
1 122 0.0968992
1 123 0.125506
1 124 0.159533
1 125 0.114504
1 126 0.144796
1 127 0.197531
1 128 0.179612
1 129 0.174672
1 130 0.18552
1 131 0.29703
1 132 0.258706
1 133 0.240385
1 134 0.190955
1 135 0.277778
1 136 0.252632
1 137 0.269939
1 138 0.320175
1 139 0.374332
1 140 0.31746
1 141 0.364641
1 142 0.381215
1 143 0.285714
1 144 0.329545
1 145 0.319277
1 146 0.44375
1 147 0.3
1 148 0.382353
1 149 0.398374
1 150 0.259615
1 151 0.461538
1 152 0.304348
1 153 0.449438
1 154 0.395833
1 155 0.418919
1 156 0.47619
1 157 0.358491
1 158 0.313725
1 159 0.507692
1 160 0.269841
1 161 0.275862
1 162 0.190476
1 163 0.100917
1 164 0.0735294
1 165 0.0838323
1 166 0.137363
1 167 0.163636
1 168 0.139535
1 169 0.0849421
1 170 0.102564
1 171 0.131086
1 172 0.136546
1 173 0.130597
1 174 0.220264
1 175 0.127962
1 176 0.155963
1 177 0.23445
1 178 0.198953
1 179 0.295567
1 180 0.283505
1 181 0.227273
1 182 0.302817
1 183 0.216049
1 184 0.239583
1 185 0.289474
1 186 0.248588
1 187 0.359116
1 188 0.339506
1 189 0.33121
1 190 0.360902
1 191 0.336
1 192 0.280702
1 193 0.373737
1 194 0.375
1 195 0.363636
1 196 0.32967
1 197 0.455696
1 198 0.3
1 199 0.297297
1 200 0.310811
1 201 0.469697
1 202 0.323529
1 203 0.396552
1 204 0.368421
1 205 0.333333
1 206 0.471698
1 207 0.54
1 208 0.271186
1 209 0.223881
1 210 0.0941176
1 211 0.0927835
1 212 0.148649
1 213 0.0958084
1 214 0.113122
1 215 0.122363
1 216 0.113821
1 217 0.155642
1 218 0.0918728
1 219 0.107266
1 220 0.12766
1 221 0.156716
1 222 0.161943
1 223 0.15102
1 224 0.225225
1 225 0.214286
1 226 0.238095
1 227 0.148325
1 228 0.224299
1 229 0.279817
1 230 0.210526
1 231 0.296875
1 232 0.230366
1 233 0.240566
1 234 0.272727
1 235 0.34466
1 236 0.319277
1 237 0.297143
1 238 0.402174
1 239 0.315152
1 240 0.373418
1 241 0.347222
1 242 0.364865
1 243 0.392
1 244 0.293103
1 245 0.385827
1 246 0.353383
1 247 0.278846
1 248 0.35
1 249 0.459184
1 250 0.354839
1 251 0.414141
1 252 0.32
1 253 0.381579
1 254 0.356322
1 255 0.43662
1 256 0.290698
1 257 0.246753
1 258 0.0803571
1 259 0.134615
1 260 0.0992908
1 261 0.125984
1 262 0.0944444
1 263 0.136585
1 264 0.103896
1 265 0.139831
1 266 0.131148
1 267 0.142222
1 268 0.173729
1 269 0.164384
1 270 0.190476
1 271 0.189427
1 272 0.220264
1 273 0.188525
1 274 0.240175
1 275 0.236052
1 276 0.258621
1 277 0.229665
1 278 0.274112
1 279 0.233333
1 280 0.368132
1 281 0.230769
1 282 0.290909
1 283 0.247126
1 284 0.316456
1 285 0.380645
1 286 0.37766
1 287 0.29932
1 288 0.342857
1 289 0.366013
1 290 0.382353
1 291 0.420732
1 292 0.37069
1 293 0.358209
1 294 0.401515
1 295 0.387755
1 296 0.37
1 297 0.371212
1 298 0.336283
1 299 0.325843
1 300 0.27551
1 301 0.420455
1 302 0.320513
1 303 0.428571
1 304 0.282051
1 305 0.28125
1 306 0.120482
1 307 0.101695
1 308 0.144068
1 309 0.162791
1 310 0.162791
1 311 0.1125
1 312 0.145161
1 313 0.156379
1 314 0.123853
1 315 0.113537
1 316 0.135965
1 317 0.151899
1 318 0.159204
1 319 0.153509
1 320 0.183036
1 321 0.192708
1 322 0.277778
1 323 0.328571
1 324 0.252381
1 325 0.271739
1 326 0.27907
1 327 0.232044
1 328 0.313187
1 329 0.313187
1 330 0.393258
1 331 0.335329
1 332 0.268657
1 333 0.393103
1 334 0.35
1 335 0.414141
2 0 0.423773
2 1 0.462141
2 2 0.418033
2 3 0.468278
2 4 0.412141
2 5 0.420875
2 6 0.389068
2 7 0.48249
2 8 0.423581
2 9 0.371981
2 10 0.494624
2 11 0.402778
2 12 0.349727
2 13 0.449102
2 14 0.362416
2 15 0.393548
2 16 0.375
2 17 0.374359
2 18 0.233871
2 19 0.228739
2 20 0.219101
2 21 0.211823
2 22 0.219124
2 23 0.219858
2 24 0.224422
2 25 0.208122
2 26 0.242928
2 27 0.208394
2 28 0.248097
2 29 0.239032
2 30 0.283142
2 31 0.30198
2 32 0.296296
2 33 0.268657
2 34 0.332068
2 35 0.403197
2 36 0.315682
2 37 0.343173
2 38 0.333333
2 39 0.305613
2 40 0.362782
2 41 0.354167
2 42 0.397614
2 43 0.378378
2 44 0.384615
2 45 0.440529
2 46 0.412037
2 47 0.489311
2 48 0.409302
2 49 0.452261
2 50 0.428571
2 51 0.429379
2 52 0.476331
2 53 0.435216
2 54 0.413146
2 55 0.385281
2 56 0.434066
2 57 0.416667
2 58 0.438849
2 59 0.395833
2 60 0.4375
2 61 0.401575
2 62 0.384615
2 63 0.491379
2 64 0.365517
2 65 0.37931
2 66 0.268722
2 67 0.25614
2 68 0.233766
2 69 0.202312
2 70 0.212048
2 71 0.241036
2 72 0.193159
2 73 0.18232
2 74 0.236234
2 75 0.211806
2 76 0.252971
2 77 0.228471
2 78 0.277281
2 79 0.240234
2 80 0.299083
2 81 0.278293
2 82 0.302277
2 83 0.332681
2 84 0.321586
2 85 0.34466
2 86 0.357143
2 87 0.343096
2 88 0.383698
2 89 0.368421
2 90 0.394068
2 91 0.4
2 92 0.366534
2 93 0.404537
2 94 0.42887
2 95 0.437247
2 96 0.374179
2 97 0.40724
2 98 0.453901
2 99 0.44504
2 100 0.394521
2 101 0.455882
2 102 0.403909
2 103 0.422794
2 104 0.378151
2 105 0.415
2 106 0.494318
2 107 0.428571
2 108 0.430556
2 109 0.438356
2 110 0.342657
2 111 0.442857
2 112 0.363057
2 113 0.380488
2 114 0.255507
2 115 0.210526
2 116 0.255452
2 117 0.217391
2 118 0.236607
2 119 0.200405
2 120 0.211744
2 121 0.244755
2 122 0.248038
2 123 0.196541
2 124 0.283828
2 125 0.268376
2 126 0.272085
2 127 0.283636
2 128 0.303089
2 129 0.305769
2 130 0.361829
2 131 0.339545
2 132 0.33833
2 133 0.331933
2 134 0.337302
2 135 0.343313
2 136 0.370656
2 137 0.375
2 138 0.426804
2 139 0.438923
2 140 0.384279
2 141 0.436585
2 142 0.427896
2 143 0.434146
2 144 0.414894
2 145 0.391521
2 146 0.427273
2 147 0.459064
2 148 0.425466
2 149 0.398026
2 150 0.427948
2 151 0.407407
2 152 0.471963
2 153 0.390476
2 154 0.40884
2 155 0.439189
2 156 0.382716
2 157 0.388889
2 158 0.48062
2 159 0.395349
2 160 0.373134
2 161 0.393548
2 162 0.345622
2 163 0.264
2 164 0.247813
2 165 0.224615
2 166 0.200477
2 167 0.261965
2 168 0.215686
2 169 0.257874
2 170 0.211111
2 171 0.211169
2 172 0.234469
2 173 0.251825
2 174 0.288538
2 175 0.304598
2 176 0.253796
2 177 0.261477
2 178 0.349576
2 179 0.346723
2 180 0.334638
2 181 0.333333
2 182 0.332589
2 183 0.396714
2 184 0.349206
2 185 0.419048
2 186 0.420323
2 187 0.423404
2 188 0.463087
2 189 0.439746
2 190 0.431767
2 191 0.421659
2 192 0.409412
2 193 0.433766
2 194 0.417553
2 195 0.44504
2 196 0.416667
2 197 0.431487
2 198 0.405018
2 199 0.412698
2 200 0.440154
2 201 0.427885
2 202 0.46114
2 203 0.369942
2 204 0.401274
2 205 0.42069
2 206 0.452055
2 207 0.486726
2 208 0.294521
2 209 0.323864
2 210 0.246809
2 211 0.242647
2 212 0.19863
2 213 0.198966
2 214 0.198091
2 215 0.254505
2 216 0.221992
2 217 0.246847
2 218 0.205263
2 219 0.252951
2 220 0.243339
2 221 0.261566
2 222 0.256711
2 223 0.291139
2 224 0.278899
2 225 0.263525
2 226 0.325911
2 227 0.374207
2 228 0.354906
2 229 0.376906
2 230 0.330337
2 231 0.349666
2 232 0.364919
2 233 0.362069
2 234 0.409548
2 235 0.396226
2 236 0.385681
2 237 0.381944
2 238 0.462141
2 239 0.489848
2 240 0.467866
2 241 0.445333
2 242 0.478788
2 243 0.471264
2 244 0.450161
2 245 0.476923
2 246 0.442379
2 247 0.469697
2 248 0.417969
2 249 0.40404
2 250 0.405797
2 251 0.477477
2 252 0.438053
2 253 0.384211
2 254 0.455621
2 255 0.459627
2 256 0.408377
2 257 0.364078
2 258 0.288793
2 259 0.316364
2 260 0.223684
2 261 0.277603
2 262 0.230366
2 263 0.215596
2 264 0.255624
2 265 0.203095
2 266 0.225352
2 267 0.216718
2 268 0.251282
2 269 0.254799
2 270 0.261733
2 271 0.282918
2 272 0.294643
2 273 0.335835
2 274 0.35
2 275 0.347917
2 276 0.328032
2 277 0.359684
2 278 0.375502
2 279 0.312
2 280 0.32809
2 281 0.353167
2 282 0.404018
2 283 0.422505
2 284 0.448357
2 285 0.417874
2 286 0.428571
2 287 0.443069
2 288 0.412987
2 289 0.442408
2 290 0.433702
2 291 0.433071
2 292 0.452174
2 293 0.464191
2 294 0.426426
2 295 0.475177
2 296 0.418605
2 297 0.380952
2 298 0.355805
2 299 0.404167
2 300 0.406417
2 301 0.464912
2 302 0.482927
2 303 0.442029
2 304 0.398693
2 305 0.368159
2 306 0.323671
2 307 0.313953
2 308 0.257732
2 309 0.234727
2 310 0.202279
2 311 0.214485
2 312 0.224096
2 313 0.235443
2 314 0.221053
2 315 0.199584
2 316 0.242009
2 317 0.278509
2 318 0.292308
2 319 0.309168
2 320 0.273839
2 321 0.289044
2 322 0.347319
2 323 0.333333
2 324 0.390071
2 325 0.340858
2 326 0.356459
2 327 0.377622
2 328 0.359801
2 329 0.387019
2 330 0.421308
2 331 0.421053
2 332 0.468599
2 333 0.407407
2 334 0.425121
2 335 0.463659
