0.281544
0 0 0
0 1 0
0 2 0
0 3 0
0 4 0
0 5 0
0 6 0
0 7 0
0 8 0
0 9 0
0 10 0
0 11 0
0 12 0
0 13 0
0 14 0
0 15 0
0 16 0
0 17 0
0 18 0
0 19 0
0 20 0
0 21 0
0 22 0
0 23 0
0 24 0
0 25 0
0 26 0
0 27 0
0 28 0
0 29 0
0 30 0
0 31 0
0 32 0
0 33 0
0 34 0
0 35 0
0 36 0
0 37 0
0 38 0
0 39 0
0 40 0
0 41 0
0 42 0
0 43 0
0 44 0
0 45 0
0 46 0
0 47 0
0 48 0
0 49 0
0 50 0
0 51 0
0 52 0
0 53 0
0 54 0
0 55 0
0 56 0
0 57 0
0 58 0
0 59 0
0 60 0
0 61 0
0 62 0
0 63 0
0 64 0
0 65 0
0 66 0
0 67 0
0 68 0
0 69 0
0 70 0
0 71 0
0 72 0
0 73 0
0 74 0
0 75 0
0 76 0
0 77 0
0 78 0
0 79 0
0 80 0
0 81 0
0 82 0
0 83 0
0 84 0
0 85 0
0 86 0
0 87 0
0 88 0
0 89 0
0 90 0
0 91 0
0 92 0
0 93 0
0 94 0
0 95 0
0 96 0
0 97 0
0 98 0
0 99 0
0 100 0
0 101 0
0 102 0
0 103 0
0 104 0
0 105 0
0 106 0
0 107 0
0 108 0
0 109 0
0 110 0
0 111 0
0 112 0
0 113 0
0 114 0
0 115 0
0 116 0
0 117 0
0 118 0
0 119 0
0 120 0
0 121 0
0 122 0
0 123 0
0 124 0
0 125 0
0 126 0
0 127 0
0 128 0
0 129 0
0 130 0
0 131 0
0 132 0
0 133 0
0 134 0
0 135 0
0 136 0
0 137 0
0 138 0
0 139 0
0 140 0
0 141 0
0 142 0
0 143 0
0 144 0
0 145 0
0 146 0
0 147 0
0 148 0
0 149 0
0 150 0
0 151 0
0 152 0
0 153 0
0 154 0
0 155 0
0 156 0
0 157 0
0 158 0
0 159 0
0 160 0
0 161 0
0 162 0
0 163 0
0 164 0
0 165 0
0 166 0
0 167 0
0 168 0
0 169 0
0 170 0
0 171 0
0 172 0
0 173 0
0 174 0
0 175 0
0 176 0
0 177 0
0 178 0
0 179 0
0 180 0
0 181 0
0 182 0
0 183 0
0 184 0
0 185 0
0 186 0
0 187 0
0 188 0
0 189 0
0 190 0
0 191 0
0 192 0
0 193 0
0 194 0
0 195 0
0 196 0
0 197 0
0 198 0
0 199 0
0 200 0
0 201 0
0 202 0
0 203 0
0 204 0
0 205 0
0 206 0
0 207 0
0 208 0
0 209 0
0 210 0
0 211 0
0 212 0
0 213 0
0 214 0
0 215 0
0 216 0
0 217 0
0 218 0
0 219 0
0 220 0
0 221 0
0 222 0
0 223 0
0 224 0
0 225 0
0 226 0
0 227 0
0 228 0
0 229 0
0 230 0
0 231 0
0 232 0
0 233 0
0 234 0
0 235 0
0 236 0
0 237 0
0 238 0
0 239 0
0 240 0
0 241 0
0 242 0
0 243 0
0 244 0
0 245 0
0 246 0
0 247 0
0 248 0
0 249 0
0 250 0
0 251 0
0 252 0
0 253 0
0 254 0
0 255 0
0 256 0
0 257 0
0 258 0
0 259 0
0 260 0
0 261 0
0 262 0
0 263 0
0 264 0
0 265 0
0 266 0
0 267 0
0 268 0
0 269 0
0 270 0
0 271 0
0 272 0
0 273 0
0 274 0
0 275 0
0 276 0
0 277 0
0 278 0
0 279 0
0 280 0
0 281 0
0 282 0
0 283 0
0 284 0
0 285 0
0 286 0
0 287 0
0 288 0
0 289 0
0 290 0
0 291 0
0 292 0
0 293 0
0 294 0
0 295 0
0 296 0
0 297 0
0 298 0
0 299 0
0 300 0
0 301 0
0 302 0
0 303 0
0 304 0
0 305 0
0 306 0
0 307 0
0 308 0
0 309 0
0 310 0
0 311 0
0 312 0
0 313 0
0 314 0
0 315 0
0 316 0
0 317 0
0 318 0
0 319 0
0 320 0
0 321 0
0 322 0
0 323 0
0 324 0
0 325 0
0 326 0
0 327 0
0 328 0
0 329 0
0 330 0
0 331 0
0 332 0
0 333 0
0 334 0
0 335 0
1 0 0
1 1 0
1 2 0
1 3 0
1 4 0
1 5 0
1 6 0
1 7 0
1 8 0
1 9 0
1 10 0
1 11 0
1 12 0
1 13 0
1 14 0
1 15 0
1 16 0
1 17 0
1 18 0
1 19 0
1 20 0
1 21 0
1 22 0
1 23 0
1 24 0
1 25 0
1 26 0
1 27 0
1 28 0
1 29 0
1 30 0
1 31 0
1 32 0
1 33 0
1 34 0
1 35 0
1 36 0
1 37 0
1 38 0
1 39 0
1 40 0
1 41 0
1 42 0
1 43 0
1 44 0
1 45 0
1 46 0
1 47 0
1 48 0
1 49 0
1 50 0
1 51 0
1 52 0
1 53 0
1 54 0
1 55 0
1 56 0
1 57 0
1 58 0
1 59 0
1 60 0
1 61 0
1 62 0
1 63 0
1 64 0
1 65 0
1 66 0
1 67 0
1 68 0
1 69 0
1 70 0
1 71 0
1 72 0
1 73 0
1 74 0
1 75 0
1 76 0
1 77 0
1 78 0
1 79 0
1 80 0
1 81 0
1 82 0
1 83 0
1 84 0
1 85 0
1 86 0
1 87 0
1 88 0
1 89 0
1 90 0
1 91 0
1 92 0
1 93 0
1 94 0
1 95 0
1 96 0
1 97 0
1 98 0
1 99 0
1 100 0
1 101 0
1 102 0
1 103 0
1 104 0
1 105 0
1 106 0
1 107 0
1 108 0
1 109 0
1 110 0
1 111 0
1 112 0
1 113 0
1 114 0
1 115 0
1 116 0
1 117 0
1 118 0
1 119 0
1 120 0
1 121 0
1 122 0
1 123 0
1 124 0
1 125 0
1 126 0
1 127 0
1 128 0
1 129 0
1 130 0
1 131 0
1 132 0
1 133 0
1 134 0
1 135 0
1 136 0
1 137 0
1 138 0
1 139 0
1 140 0
1 141 0
1 142 0
1 143 0
1 144 0
1 145 0
1 146 0
1 147 0
1 148 0
1 149 0
1 150 0
1 151 0
1 152 0
1 153 0
1 154 0
1 155 0
1 156 0
1 157 0
1 158 0
1 159 0
1 160 0
1 161 0
1 162 0
1 163 0
1 164 0
1 165 0
1 166 0
1 167 0
1 168 0
1 169 0
1 170 0
1 171 0
1 172 0
1 173 0
1 174 0
1 175 0
1 176 0
1 177 0
1 178 0
1 179 0
1 180 0
1 181 0
1 182 0
1 183 0
1 184 0
1 185 0
1 186 0
1 187 0
1 188 0
1 189 0
1 190 0
1 191 0
1 192 0
1 193 0
1 194 0
1 195 0
1 196 0
1 197 0
1 198 0
1 199 0
1 200 0
1 201 0
1 202 0
1 203 0
1 204 0
1 205 0
1 206 0
1 207 0
1 208 0
1 209 0
1 210 0
1 211 0
1 212 0
1 213 0
1 214 0
1 215 0
1 216 0
1 217 0
1 218 0
1 219 0
1 220 0
1 221 0
1 222 0
1 223 0
1 224 0
1 225 0
1 226 0
1 227 0
1 228 0
1 229 0
1 230 0
1 231 0
1 232 0
1 233 0
1 234 0
1 235 0
1 236 0
1 237 0
1 238 0
1 239 0
1 240 0
1 241 0
1 242 0
1 243 0
1 244 0
1 245 0
1 246 0
1 247 0
1 248 0
1 249 0
1 250 0
1 251 0
1 252 0
1 253 0
1 254 0
1 255 0
1 256 0
1 257 0
1 258 0
1 259 0
1 260 0
1 261 0
1 262 0
1 263 0
1 264 0
1 265 0
1 266 0
1 267 0
1 268 0
1 269 0
1 270 0
1 271 0
1 272 0
1 273 0
1 274 0
1 275 0
1 276 0
1 277 0
1 278 0
1 279 0
1 280 0
1 281 0
1 282 0
1 283 0
1 284 0
1 285 0
1 286 0
1 287 0
1 288 0
1 289 0
1 290 0
1 291 0
1 292 0
1 293 0
1 294 0
1 295 0
1 296 0
1 297 0
1 298 0
1 299 0
1 300 0
1 301 0
1 302 0
1 303 0
1 304 0
1 305 0
1 306 0
1 307 0
1 308 0
1 309 0
1 310 0
1 311 0
1 312 0
1 313 0
1 314 0
1 315 0
1 316 0
1 317 0
1 318 0
1 319 0
1 320 0
1 321 0
1 322 0
1 323 0
1 324 0
1 325 0
1 326 0
1 327 0
1 328 0
1 329 0
1 330 0
1 331 0
1 332 0
1 333 0
1 334 0
1 335 0
2 0 0
2 1 0
2 2 0
2 3 0
2 4 0
2 5 0
2 6 0
2 7 0
2 8 0
2 9 0
2 10 0
2 11 0
2 12 0
2 13 0
2 14 0
2 15 0
2 16 0
2 17 0
2 18 0
2 19 0
2 20 0
2 21 0
2 22 0
2 23 0
2 24 0
2 25 0
2 26 0
2 27 0
2 28 0
2 29 0
2 30 0
2 31 0
2 32 0
2 33 0
2 34 0
2 35 0
2 36 0
2 37 0
2 38 0
2 39 0
2 40 0
2 41 0
2 42 0
2 43 0
2 44 0
2 45 0
2 46 0
2 47 0
2 48 0
2 49 0
2 50 0
2 51 0
2 52 0
2 53 0
2 54 0
2 55 0
2 56 0
2 57 0
2 58 0
2 59 0
2 60 0
2 61 0
2 62 0
2 63 0
2 64 0
2 65 0
2 66 0
2 67 0
2 68 0
2 69 0
2 70 0
2 71 0
2 72 0
2 73 0
2 74 0
2 75 0
2 76 0
2 77 0
2 78 0
2 79 0
2 80 0
2 81 0
2 82 0
2 83 0
2 84 0
2 85 0
2 86 0
2 87 0
2 88 0
2 89 0
2 90 0
2 91 0
2 92 0
2 93 0
2 94 0
2 95 0
2 96 0
2 97 0
2 98 0
2 99 0
2 100 0
2 101 0
2 102 0
2 103 0
2 104 0
2 105 0
2 106 0
2 107 0
2 108 0
2 109 0
2 110 0
2 111 0
2 112 0
2 113 0
2 114 0
2 115 0
2 116 0
2 117 0
2 118 0
2 119 0
2 120 0
2 121 0
2 122 0
2 123 0
2 124 0
2 125 0
2 126 0
2 127 0
2 128 0
2 129 0
2 130 0
2 131 0
2 132 0
2 133 0
2 134 0
2 135 0
2 136 0
2 137 0
2 138 0
2 139 0
2 140 0
2 141 0
2 142 0
2 143 0
2 144 0
2 145 0
2 146 0
2 147 0
2 148 0
2 149 0
2 150 0
2 151 0
2 152 0
2 153 0
2 154 0
2 155 0
2 156 0
2 157 0
2 158 0
2 159 0
2 160 0
2 161 0
2 162 0
2 163 0
2 164 0
2 165 0
2 166 0
2 167 0
2 168 0
2 169 0
2 170 0
2 171 0
2 172 0
2 173 0
2 174 0
2 175 0
2 176 0
2 177 0
2 178 0
2 179 0
2 180 0
2 181 0
2 182 0
2 183 0
2 184 0
2 185 0
2 186 0
2 187 0
2 188 0
2 189 0
2 190 0
2 191 0
2 192 0
2 193 0
2 194 0
2 195 0
2 196 0
2 197 0
2 198 0
2 199 0
2 200 0
2 201 0
2 202 0
2 203 0
2 204 0
2 205 0
2 206 0
2 207 0
2 208 0
2 209 0
2 210 0
2 211 0
2 212 0
2 213 0
2 214 0
2 215 0
2 216 0
2 217 0
2 218 0
2 219 0
2 220 0
2 221 0
2 222 0
2 223 0
2 224 0
2 225 0
2 226 0
2 227 0
2 228 0
2 229 0
2 230 0
2 231 0
2 232 0
2 233 0
2 234 0
2 235 0
2 236 0
2 237 0
2 238 0
2 239 0
2 240 0
2 241 0
2 242 0
2 243 0
2 244 0
2 245 0
2 246 0
2 247 0
2 248 0
2 249 0
2 250 0
2 251 0
2 252 0
2 253 0
2 254 0
2 255 0
2 256 0
2 257 0
2 258 0
2 259 0
2 260 0
2 261 0
2 262 0
2 263 0
2 264 0
2 265 0
2 266 0
2 267 0
2 268 0
2 269 0
2 270 0
2 271 0
2 272 0
2 273 0
2 274 0
2 275 0
2 276 0
2 277 0
2 278 0
2 279 0
2 280 0
2 281 0
2 282 0
2 283 0
2 284 0
2 285 0
2 286 0
2 287 0
2 288 0
2 289 0
2 290 0
2 291 0
2 292 0
2 293 0
2 294 0
2 295 0
2 296 0
2 297 0
2 298 0
2 299 0
2 300 0
2 301 0
2 302 0
2 303 0
2 304 0
2 305 0
2 306 0
2 307 0
2 308 0
2 309 0
2 310 0
2 311 0
2 312 0
2 313 0
2 314 0
2 315 0
2 316 0
2 317 0
2 318 0
2 319 0
2 320 0
2 321 0
2 322 0
2 323 0
2 324 0
2 325 0
2 326 0
2 327 0
2 328 0
2 329 0
2 330 0
2 331 0
2 332 0
2 333 0
2 334 0
2 335 0
