0.281869
0 0 0.67623
0 1 0.720721
0 2 0.67713
0 3 0.709677
0 4 0.699029
0 5 0.755814
0 6 0.685393
0 7 0.733333
0 8 0.714286
0 9 0.755396
0 10 0.682759
0 11 0.709402
0 12 0.686957
0 13 0.735537
0 14 0.704082
0 15 0.767677
0 16 0.6
0 17 0.457447
0 18 0.271028
0 19 0.276423
0 20 0.25
0 21 0.270531
0 22 0.252
0 23 0.242188
0 24 0.284281
0 25 0.25448
0 26 0.238806
0 27 0.243976
0 28 0.264615
0 29 0.302251
0 30 0.349835
0 31 0.329966
0 32 0.382671
0 33 0.360153
0 34 0.431655
0 35 0.3879
0 36 0.413284
0 37 0.444853
0 38 0.412541
0 39 0.439331
0 40 0.484536
0 41 0.443262
0 42 0.508651
0 43 0.545139
0 44 0.580153
0 45 0.578014
0 46 0.580392
0 47 0.573705
0 48 0.614173
0 49 0.6
0 50 0.567308
0 51 0.620513
0 52 0.573684
0 53 0.592784
0 54 0.505682
0 55 0.55
0 56 0.5
0 57 0.61194
0 58 0.477477
0 59 0.516949
0 60 0.415929
0 61 0.553398
0 62 0.438776
0 63 0.571429
0 64 0.321839
0 65 0.40404
0 66 0.264286
0 67 0.364964
0 68 0.245614
0 69 0.289474
0 70 0.286364
0 71 0.252174
0 72 0.291096
0 73 0.302583
0 74 0.290657
0 75 0.277992
0 76 0.339416
0 77 0.292754
0 78 0.347985
0 79 0.373665
0 80 0.370787
0 81 0.334459
0 82 0.412587
0 83 0.395105
0 84 0.452703
0 85 0.383721
0 86 0.467181
0 87 0.487179
0 88 0.543933
0 89 0.498316
0 90 0.570342
0 91 0.559859
0 92 0.59542
0 93 0.616279
0 94 0.575092
0 95 0.542056
0 96 0.552419
0 97 0.589744
0 98 0.60804
0 99 0.534314
0 100 0.610811
0 101 0.47205
0 102 0.525
0 103 0.494186
0 104 0.569343
0 105 0.407407
0 106 0.470588
0 107 0.539062
0 108 0.458015
0 109 0.5
0 110 0.48
0 111 0.621359
0 112 0.45
0 113 0.446281
0 114 0.307692
0 115 0.267606
0 116 0.324138
0 117 0.320513
0 118 0.28866
0 119 0.371429
0 120 0.324324
0 121 0.260377
0 122 0.219512
0 123 0.257576
0 124 0.349481
0 125 0.265152
0 126 0.341176
0 127 0.33218
0 128 0.372822
0 129 0.421053
0 130 0.470588
0 131 0.479087
0 132 0.424908
0 133 0.458167
0 134 0.538168
0 135 0.418803
0 136 0.533597
0 137 0.530534
0 138 0.606178
0 139 0.580153
0 140 0.641026
0 141 0.679104
0 142 0.668122
0 143 0.716495
0 144 0.580488
0 145 0.698864
0 146 0.641711
0 147 0.636364
0 148 0.580645
0 149 0.601266
0 150 0.564103
0 151 0.601695
0 152 0.652174
0 153 0.589147
0 154 0.615385
0 155 0.623853
0 156 0.525773
0 157 0.61039
0 158 0.529412
0 159 0.67
0 160 0.453608
0 161 0.495575
0 162 0.256198
0 163 0.24
0 164 0.232804
0 165 0.239819
0 166 0.25
0 167 0.253165
0 168 0.233898
0 169 0.216981
0 170 0.207317
0 171 0.202216
0 172 0.228395
0 173 0.303191
0 174 0.320132
0 175 0.343284
0 176 0.352239
0 177 0.353801
0 178 0.341693
0 179 0.423977
0 180 0.397516
0 181 0.426573
0 182 0.480836
0 183 0.37193
0 184 0.456081
0 185 0.495413
0 186 0.503356
0 187 0.510703
0 188 0.57037
0 189 0.637736
0 190 0.561798
0 191 0.590164
0 192 0.53527
0 193 0.608163
0 194 0.587678
0 195 0.636905
0 196 0.641414
0 197 0.65896
0 198 0.671429
0 199 0.636364
0 200 0.586957
0 201 0.641509
0 202 0.67619
0 203 0.670103
0 204 0.571429
0 205 0.572816
0 206 0.653465
0 207 0.656566
0 208 0.505747
0 209 0.4375
0 210 0.304348
0 211 0.284615
0 212 0.246914
0 213 0.24878
0 214 0.300448
0 215 0.246862
0 216 0.19322
0 217 0.205212
0 218 0.237288
0 219 0.192691
0 220 0.266667
0 221 0.319865
0 222 0.353571
0 223 0.342466
0 224 0.340909
0 225 0.319149
0 226 0.492958
0 227 0.4
0 228 0.427562
0 229 0.426415
0 230 0.47619
0 231 0.408759
0 232 0.521912
0 233 0.487633
0 234 0.558052
0 235 0.546468
0 236 0.617544
0 237 0.631769
0 238 0.559184
0 239 0.64135
0 240 0.639344
0 241 0.629167
0 242 0.635556
0 243 0.648936
0 244 0.624365
0 245 0.664921
0 246 0.672515
0 247 0.641975
0 248 0.67284
0 249 0.669173
0 250 0.719697
0 251 0.734375
0 252 0.752066
0 253 0.808081
0 254 0.711712
0 255 0.733871
0 256 0.691589
0 257 0.638095
0 258 0.416667
0 259 0.284314
0 260 0.304054
0 261 0.22
0 262 0.24424
0 263 0.221757
0 264 0.249135
0 265 0.227106
0 266 0.228956
0 267 0.246269
0 268 0.310458
0 269 0.25641
0 270 0.366197
0 271 0.334495
0 272 0.405694
0 273 0.419872
0 274 0.391304
0 275 0.455645
0 276 0.460317
0 277 0.41573
0 278 0.402985
0 279 0.46063
0 280 0.481618
0 281 0.579545
0 282 0.508475
0 283 0.592058
0 284 0.601881
0 285 0.629139
0 286 0.622449
0 287 0.603175
0 288 0.583942
0 289 0.602151
0 290 0.669145
0 291 0.612766
0 292 0.716814
0 293 0.682819
0 294 0.598958
0 295 0.727273
0 296 0.664894
0 297 0.725146
0 298 0.639752
0 299 0.704225
0 300 0.767123
0 301 0.781457
0 302 0.732824
0 303 0.793333
0 304 0.639344
0 305 0.523438
0 306 0.457364
0 307 0.278195
0 308 0.287356
0 309 0.255
0 310 0.272277
0 311 0.252066
0 312 0.21223
0 313 0.225694
0 314 0.219608
0 315 0.231579
0 316 0.271429
0 317 0.248344
0 318 0.320158
0 319 0.362007
0 320 0.3663
0 321 0.369919
0 322 0.396887
0 323 0.469925
0 324 0.509225
0 325 0.486275
0 326 0.574766
0 327 0.489796
0 328 0.485714
0 329 0.490566
0 330 0.552901
0 331 0.622581
0 332 0.612546
0 333 0.65894
0 334 0.680608
0 335 0.658228
1 0 0.127586
1 1 0.137795
1 2 0.158915
1 3 0.145833
1 4 0.122172
1 5 0.124444
1 6 0.134021
1 7 0.159091
1 8 0.16092
1 9 0.160839
1 10 0.170732
1 11 0.166667
1 12 0.122642
1 13 0.201923
1 14 0.195876
1 15 0.275
1 16 0.153226
1 17 0.133333
1 18 0.0670103
1 19 0.0772727
1 20 0.084
1 21 0.0750751
1 22 0.0733696
1 23 0.0906667
1 24 0.0697115
1 25 0.0911063
1 26 0.0853175
1 27 0.0742268
1 28 0.0865801
1 29 0.0764192
1 30 0.0988372
1 31 0.0847059
1 32 0.115124
1 33 0.126531
1 34 0.136951
1 35 0.14121
1 36 0.134615
1 37 0.167155
1 38 0.165761
1 39 0.11315
1 40 0.152815
1 41 0.161473
1 42 0.248428
1 43 0.216216
1 44 0.171875
1 45 0.175385
1 46 0.194553
1 47 0.233962
1 48 0.164
1 49 0.189922
1 50 0.190476
1 51 0.169643
1 52 0.204651
1 53 0.203704
1 54 0.181319
1 55 0.171598
1 56 0.149171
1 57 0.172414
1 58 0.147651
1 59 0.134328
1 60 0.178344
1 61 0.137681
1 62 0.163636
1 63 0.111111
1 64 0.202899
1 65 0.166667
1 66 0.0874317
1 67 0.0703518
1 68 0.0487805
1 69 0.0823529
1 70 0.0776398
1 71 0.0704607
1 72 0.0820513
1 73 0.0712695
1 74 0.0630252
1 75 0.0546139
1 76 0.0506329
1 77 0.0744681
1 78 0.0813187
1 79 0.0941704
1 80 0.091954
1 81 0.129584
1 82 0.1
1 83 0.119658
1 84 0.104167
1 85 0.104278
1 86 0.133705
1 87 0.136951
1 88 0.132948
1 89 0.155612
1 90 0.192771
1 91 0.169697
1 92 0.178322
1 93 0.195946
1 94 0.198502
1 95 0.175182
1 96 0.142322
1 97 0.162698
1 98 0.178571
1 99 0.131148
1 100 0.156951
1 101 0.164609
1 102 0.135135
1 103 0.17033
1 104 0.127451
1 105 0.112821
1 106 0.107692
1 107 0.146199
1 108 0.0833333
1 109 0.135714
1 110 0.162791
1 111 0.202128
1 112 0.125
1 113 0.142857
1 114 0.0472973
1 115 0.0687831
1 116 0.0858369
1 117 0.0625
1 118 0.0814332
1 119 0.116564
1 120 0.0558824
1 121 0.107034
1 122 0.0634518
1 123 0.0756098
1 124 0.111111
1 125 0.080429
1 126 0.0930233
1 127 0.13079
1 128 0.107558
1 129 0.118343
1 130 0.127726
1 131 0.181269
1 132 0.169935
1 133 0.149701
1 134 0.123779
1 135 0.172956
1 136 0.154839
1 137 0.146667
1 138 0.233974
1 139 0.223642
1 140 0.217391
1 141 0.216393
1 142 0.222581
1 143 0.19084
1 144 0.206406
1 145 0.201521
1 146 0.249123
1 147 0.175676
1 148 0.175676
1 149 0.225806
1 150 0.127358
1 151 0.241379
1 152 0.173913
1 153 0.233918
1 154 0.285714
1 155 0.264957
1 156 0.204082
1 157 0.171171
1 158 0.145455
1 159 0.264
1 160 0.151786
1 161 0.165517
1 162 0.0792079
1 163 0.0398551
1 164 0.034965
1 165 0.0428135
1 166 0.0593824
1 167 0.0753138
1 168 0.0700389
1 169 0.0454545
1 170 0.0495868
1 171 0.0604491
1 172 0.0640301
1 173 0.0648148
1 174 0.10101
1 175 0.0602679
1 176 0.0743982
1 177 0.0978044
1 178 0.0957179
1 179 0.153061
1 180 0.141753
1 181 0.0985222
1 182 0.102625
1 183 0.0958904
1 184 0.120735
1 185 0.135802
1 186 0.123944
1 187 0.167526
1 188 0.170807
1 189 0.167203
1 190 0.157895
1 191 0.163424
1 192 0.112676
1 193 0.146825
1 194 0.171756
1 195 0.149378
1 196 0.144928
1 197 0.172249
1 198 0.15894
1 199 0.134146
1 200 0.18254
1 201 0.216783
1 202 0.222222
1 203 0.205357
1 204 0.203883
1 205 0.172043
1 206 0.257732
1 207 0.313953
1 208 0.144144
1 209 0.120968
1 210 0.0457143
1 211 0.0405405
1 212 0.0846154
1 213 0.0547945
1 214 0.0704225
1 215 0.0703883
1 216 0.0645161
1 217 0.0849257
1 218 0.0577778
1 219 0.0649895
1 220 0.0754717
1 221 0.0869565
1 222 0.0913242
1 223 0.0856481
1 224 0.112867
1 225 0.109339
1 226 0.128535
1 227 0.0837838
1 228 0.132597
1 229 0.189441
1 230 0.137931
1 231 0.149606
1 232 0.125714
1 233 0.155963
1 234 0.153409
1 235 0.195055
1 236 0.144414
1 237 0.138298
1 238 0.213256
1 239 0.156627
1 240 0.171014
1 241 0.155763
1 242 0.186207
1 243 0.194444
1 244 0.131783
1 245 0.205882
1 246 0.203463
1 247 0.154255
1 248 0.223404
1 249 0.277778
1 250 0.268293
1 251 0.30597
1 252 0.283186
1 253 0.263636
1 254 0.248
1 255 0.281818
1 256 0.2
1 257 0.130137
1 258 0.0511364
1 259 0.0578512
1 260 0.0542636
1 261 0.0588235
1 262 0.0467033
1 263 0.0651163
1 264 0.0509554
1 265 0.0722101
1 266 0.0627451
1 267 0.0576577
1 268 0.088172
1 269 0.101911
1 270 0.0967033
1 271 0.0979499
1 272 0.124069
1 273 0.11165
1 274 0.147849
1 275 0.150273
1 276 0.162602
1 277 0.13079
1 278 0.138817
1 279 0.112601
1 280 0.171795
1 281 0.127119
1 282 0.144144
1 283 0.13522
1 284 0.153374
1 285 0.204152
1 286 0.23127
1 287 0.158845
1 288 0.213523
1 289 0.187919
1 290 0.219409
1 291 0.27381
1 292 0.189427
1 293 0.20339
1 294 0.286486
1 295 0.259091
1 296 0.245033
1 297 0.272222
1 298 0.258503
1 299 0.258929
1 300 0.214286
1 301 0.324561
1 302 0.268817
1 303 0.275229
1 304 0.207547
1 305 0.219512
1 306 0.0666667
1 307 0.0609137
1 308 0.0618182
1 309 0.0777778
1 310 0.0762943
1 311 0.0596026
1 312 0.0638298
1 313 0.0909091
1 314 0.0593407
1 315 0.0531697
1 316 0.0773067
1 317 0.0829493
1 318 0.0846561
1 319 0.0902062
1 320 0.105943
1 321 0.0906863
1 322 0.152778
1 323 0.182058
1 324 0.139474
1 325 0.155763
1 326 0.137536
1 327 0.142857
1 328 0.166667
1 329 0.193878
1 330 0.217391
1 331 0.170213
1 332 0.130435
1 333 0.174312
1 334 0.14
1 335 0.141869
2 0 0.41
2 1 0.413551
2 2 0.380597
2 3 0.441595
2 4 0.412141
2 5 0.422297
2 6 0.458333
2 7 0.457565
2 8 0.395918
2 9 0.364929
2 10 0.429907
2 11 0.324022
2 12 0.383234
2 13 0.412088
2 14 0.385714
2 15 0.429577
2 16 0.293814
2 17 0.311966
2 18 0.227451
2 19 0.229412
2 20 0.205263
2 21 0.189845
2 22 0.207156
2 23 0.219081
2 24 0.234483
2 25 0.198387
2 26 0.246622
2 27 0.211454
2 28 0.243647
2 29 0.248038
2 30 0.267388
2 31 0.271111
2 32 0.286179
2 33 0.267769
2 34 0.322284
2 35 0.359177
2 36 0.295802
2 37 0.340659
2 38 0.351504
2 39 0.283784
2 40 0.38523
2 41 0.348231
2 42 0.380228
2 43 0.356364
2 44 0.375276
2 45 0.39604
2 46 0.396437
2 47 0.412826
2 48 0.410256
2 49 0.402685
2 50 0.414322
2 51 0.39895
2 52 0.452247
2 53 0.394578
2 54 0.324723
2 55 0.312281
2 56 0.33617
2 57 0.314961
2 58 0.331522
2 59 0.316667
2 60 0.29717
2 61 0.253731
2 62 0.227273
2 63 0.296875
2 64 0.269036
2 65 0.280851
2 66 0.231061
2 67 0.223926
2 68 0.196185
2 69 0.204678
2 70 0.196868
2 71 0.236791
2 72 0.176147
2 73 0.178378
2 74 0.223906
2 75 0.200328
2 76 0.230294
2 77 0.228471
2 78 0.250404
2 79 0.20954
2 80 0.259141
2 81 0.271739
2 82 0.28023
2 83 0.34413
2 84 0.287968
2 85 0.287449
2 86 0.314815
2 87 0.314176
2 88 0.358736
2 89 0.33682
2 90 0.364706
2 91 0.376699
2 92 0.324515
2 93 0.395564
2 94 0.378229
2 95 0.394881
2 96 0.398601
2 97 0.377358
2 98 0.425721
2 99 0.390588
2 100 0.391304
2 101 0.389447
2 102 0.374622
2 103 0.336257
2 104 0.319149
2 105 0.326772
2 106 0.330798
2 107 0.267442
2 108 0.273128
2 109 0.283186
2 110 0.233333
2 111 0.267241
2 112 0.254464
2 113 0.283636
2 114 0.209386
2 115 0.192308
2 116 0.212987
2 117 0.196078
2 118 0.246512
2 119 0.20625
2 120 0.21875
2 121 0.231405
2 122 0.266442
2 123 0.189107
2 124 0.262997
2 125 0.244548
2 126 0.25624
2 127 0.257002
2 128 0.270224
2 129 0.277003
2 130 0.347328
2 131 0.314176
2 132 0.306202
2 133 0.303846
2 134 0.334646
2 135 0.330769
2 136 0.365019
2 137 0.361868
2 138 0.397313
2 139 0.361775
2 140 0.34375
2 141 0.340952
2 142 0.381857
2 143 0.371608
2 144 0.356164
2 145 0.374702
2 146 0.329439
2 147 0.366822
2 148 0.363395
2 149 0.353801
2 150 0.28
2 151 0.390071
2 152 0.355634
2 153 0.351931
2 154 0.349057
2 155 0.321782
2 156 0.303922
2 157 0.318182
2 158 0.3875
2 159 0.294798
2 160 0.251256
2 161 0.256303
2 162 0.245902
2 163 0.198795
2 164 0.192744
2 165 0.157328
2 166 0.175732
2 167 0.176871
2 168 0.178571
2 169 0.193501
2 170 0.168639
2 171 0.181409
2 172 0.174107
2 173 0.233898
2 174 0.237785
2 175 0.249608
2 176 0.199319
2 177 0.231858
2 178 0.264423
2 179 0.278912
2 180 0.287879
2 181 0.284836
2 182 0.291585
2 183 0.330724
2 184 0.316872
2 185 0.344423
2 186 0.366935
2 187 0.376894
2 188 0.361888
2 189 0.380256
2 190 0.417749
2 191 0.386892
2 192 0.399083
2 193 0.373602
2 194 0.412073
2 195 0.42132
2 196 0.438871
2 197 0.436578
2 198 0.431298
2 199 0.431535
2 200 0.481013
2 201 0.445
2 202 0.449495
2 203 0.376471
2 204 0.377246
2 205 0.423611
2 206 0.375
2 207 0.384615
2 208 0.267081
2 209 0.274038
2 210 0.232932
2 211 0.19186
2 212 0.148718
2 213 0.177011
2 214 0.17773
2 215 0.176012
2 216 0.176277
2 217 0.194879
2 218 0.161826
2 219 0.197368
2 220 0.197406
2 221 0.208215
2 222 0.22467
2 223 0.234012
2 224 0.247154
2 225 0.243156
2 226 0.279514
2 227 0.297479
2 228 0.317757
2 229 0.294719
2 230 0.263914
2 231 0.293458
2 232 0.320354
2 233 0.305455
2 234 0.309886
2 235 0.316981
2 236 0.342213
2 237 0.355603
2 238 0.390728
2 239 0.424176
2 240 0.446078
2 241 0.421717
2 242 0.457971
2 243 0.449315
2 244 0.44586
2 245 0.527211
2 246 0.464844
2 247 0.553571
2 248 0.490826
2 249 0.434783
2 250 0.506024
2 251 0.538071
2 252 0.515625
2 253 0.464968
2 254 0.503268
2 255 0.4625
2 256 0.40625
2 257 0.347222
2 258 0.254753
2 259 0.262048
2 260 0.191549
2 261 0.205128
2 262 0.190476
2 263 0.169369
2 264 0.214777
2 265 0.160796
2 266 0.202212
2 267 0.207101
2 268 0.217778
2 269 0.215976
2 270 0.214497
2 271 0.26281
2 272 0.246269
2 273 0.285032
2 274 0.309329
2 275 0.299283
2 276 0.304428
2 277 0.347328
2 278 0.355513
2 279 0.295455
2 280 0.318777
2 281 0.338858
2 282 0.348077
2 283 0.393281
2 284 0.375984
2 285 0.372043
2 286 0.365044
2 287 0.42619
2 288 0.395522
2 289 0.426768
2 290 0.430137
2 291 0.44
2 292 0.504854
2 293 0.538462
2 294 0.5
2 295 0.529644
2 296 0.490272
2 297 0.509804
2 298 0.475
2 299 0.510526
2 300 0.452381
2 301 0.532663
2 302 0.512953
2 303 0.386076
2 304 0.327957
2 305 0.345794
2 306 0.248148
2 307 0.233429
2 308 0.191816
2 309 0.159041
2 310 0.135496
2 311 0.145558
2 312 0.152209
2 313 0.140696
2 314 0.148305
2 315 0.15047
2 316 0.153179
2 317 0.176389
2 318 0.196455
2 319 0.21045
2 320 0.184211
2 321 0.208403
2 322 0.272395
2 323 0.260116
2 324 0.264423
2 325 0.265845
2 326 0.265125
2 327 0.295082
2 328 0.283757
2 329 0.302632
2 330 0.321627
2 331 0.354125
2 332 0.367424
2 333 0.334686
2 334 0.382609
2 335 0.390295
